-0.3473202098408418 0.2778782168515656 -0.4219577376206734 -0.2251238773478038 -0.5695596643001315 -0.0236661251946810 -0.3912413563783380 -0.0516489692368132 -0.3045120101113346
-0.2493237925041097 0.0977725782554156 -0.4579638173551295 0.2529790231270435 0.4212527205539080 0.1375076780340985 0.3791460855671922 -0.3955289975637076 -0.3974817820690482
0.0193767532254192 0.1606007067998517 0.1682782721339291 0.3170772063296987 -0.2529355165393092 0.8278790429795894 0.1041849185937877 0.2680155241152327 -0.1137080428230007
0.8232401579357410 0.3774957420563601 -0.3652554701940827 0.0208524300623058 -0.1371313165550853 -0.0325560548371188 0.0903846400966415 -0.1198291889537776 0.0594383072407259
0.0628237273252728 -0.2274258189549604 -0.3167978230419954 -0.2346943837312492 0.0340739902842509 -0.1203216363269293 0.3498129200641070 0.7498346199660113 -0.2977062182636703
0.1222959486341401 0.3689002788723461 0.4844439256209067 -0.5291259824328063 0.2251453246974606 0.0496852889851095 0.0228001850695211 -0.0800958835722190 -0.5236428350125932
-0.1752749352895492 0.1418039186626476 -0.2571632859290309 -0.6008419563086374 0.1968746767176101 0.3876653654613546 0.1372683749497825 -0.0275345206966275 0.5598048795055812
0.1889287367242606 -0.6585612431456555 0.0190097486872939 -0.2948051929550622 -0.3720184904770752 0.2040339800740049 0.2312242885567972 -0.4254515042296588 -0.1697947960811557
-0.2319224263746693 0.3214147103732605 0.2212477578335355 0.0370291479471545 -0.4316916852159565 -0.2919378731434711 0.6992555760003544 -0.0652947182004887 0.1666602841216398
