-0.2588769137028597 -0.1375331136329835 -0.4774748857149451 -0.2132647861376763 0.4450047069360759 0.2905303691040390 -0.4411496801552946 0.3973866013914695 0.0750800564576121
0.1741775655161679 0.3142696985503665 -0.5649259804105294 -0.0644544749238568 -0.3737787160100711 -0.4702050024746425 -0.3952929333684472 -0.1726912182360819 0.0268133668569585
-0.2317546590575570 0.1399068061068709 0.0266906626341960 -0.1245230908434431 0.1563673397834179 0.0995543654357432 -0.1560237937474730 -0.4013904523779784 -0.8310703555543449
-0.1689689519928997 -0.0915726887950215 -0.1996623458067825 -0.3079317806776822 -0.7138803846743472 0.4539660771365111 0.2261714235659034 0.1995161364693191 -0.1473305728010941
0.0541585303237192 0.3941743642348324 0.1363711970971764 0.5645095380258738 -0.1653672359924044 0.5430177523814206 -0.4106130742395762 -0.0491287670563480 0.1058015483026989
0.0927516963427650 0.7509862099742498 -0.1990810273951199 -0.0905499066676600 0.2584778075060155 0.0736253195357926 0.4942383729411884 0.2467642396630033 -0.0467832264166977
0.2027905076576008 0.1750469176753326 0.5117233140101241 -0.2791875830256325 -0.1272328902615305 -0.2034376598895212 -0.3665350700817447 0.5857072186073402 -0.2311971813083729
-0.5113081487950145 -0.0526181322048447 -0.1096079405541790 0.5893661613376124 -0.1156076997669213 -0.3513791385557842 0.1268449333874919 0.4061724787081164 -0.2419313488019940
-0.7115392848526235 0.3187411477727985 0.2831853046387429 -0.2964241676823510 -0.0668871091188537 -0.1155852146964303 -0.1015935958844506 -0.2000134847685396 0.3948344499175567
