-0.6092371332208749 -0.4042491600112592 -0.5128577359844300 0.0100803297970136 -0.0756772973526983 -0.1226670435528880 0.1263330266617851 0.4004936961878211 0.0718231891994825
0.1438751885524385 -0.1117773371814483 0.1072604594467598 0.3464781247538916 -0.3387480185969908 -0.2259747295729836 0.6766280955564025 -0.0296627571193253 -0.4590572976794360
-0.0851849656997616 0.4019191873831511 -0.2153421165082024 0.3663597547470143 -0.0045879316531742 0.5909965326624400 -0.1552565455191105 0.2980793141358196 -0.4340034195872012
0.2299753453049307 0.1315578641124217 -0.6267461231680603 -0.2553105544017101 0.2113527368962400 -0.3639322525349625 -0.1341604311111929 -0.2608190275156777 -0.4568013097924363
0.6138448733561615 -0.6623290133597796 -0.1230047894655426 0.1116004874433151 -0.0037819190011737 0.2218031904834158 -0.2154925412117171 0.2456358515432765 -0.0307398338633022
0.3347321292459142 0.3965993565936694 -0.0145096356949478 -0.2786166006901555 -0.1306586183413303 -0.2677089708420799 0.1258533610049738 0.7225712952836088 0.1616709603842781
-0.1742660639050805 -0.2130950975480582 0.3928191349185118 -0.5602725315346308 0.3396953165159223 0.1692969415674466 0.1193127955392366 0.2059623714277633 -0.5052714437915350
0.1673108028852918 0.0620915252505902 -0.2878984621005655 -0.0728860162074695 0.4675031966340825 0.3810434509542595 0.6335746661194475 -0.1023746386330326 0.3229598540525392
0.0277887586657421 0.0025077939805612 -0.1837283359591221 -0.5207194897470864 -0.6955527109195130 0.3967925372900077 0.0786273867925760 -0.2156380395787754 0.0199169787031356
