-0.1668447382291149 -0.0443398993434064 0.0986584918640660 -0.0051659770830385 0.1098089804891830 -0.1039341314935905 -0.2002355161497194 -0.9456688905115920 -0.0565012656565297
0.5678598192658892 -0.1803499837349321 -0.6408412993251813 0.0851449851899050 -0.3235081489412344 0.2182500750750944 0.0633049172775749 -0.2255819737255414 -0.1410549980796356
0.4388834020010357 0.1061205979769395 -0.0212136944634624 0.4151241264552250 0.3760400668311754 -0.6566781045780268 0.1370923784506640 -0.0107339045940282 0.1783253069626735
0.3538363400203634 0.1170027404856681 0.2322995394818317 -0.2540368743572666 -0.0978917301399512 0.2389716962698081 -0.0691598066906085 -0.1137508179225489 0.8112951397215211
-0.3873141336844896 0.3429162501569965 -0.1195391603062646 0.4561767421116300 -0.5701205084557570 -0.0993310393309731 0.3048453307198245 -0.0986212564527954 0.2691625882505978
-0.0353315714076987 0.4246574539996967 -0.2525604174580283 -0.6323054334807648 0.1294359872016639 -0.1783408917179015 0.5371392489550882 -0.1113032704399382 -0.0731755555374785
-0.2897178514701275 -0.6789386587101676 -0.1849399934183071 0.0408882390415424 0.2673648121890613 0.0732047277144269 0.4774038649599340 -0.0347618990530985 0.3365494022128023
0.3017286908413099 -0.2282731089470127 0.6364541633042273 -0.0133812999503733 -0.3356513733188252 -0.0298710247448115 0.4949035231946782 -0.0993021637236463 -0.2885371451969166
-0.0751137037455827 -0.3599511240129006 -0.0884463437340033 -0.3822336742703423 -0.4542671972836351 -0.6366377754090411 -0.2793342629379512 0.0926540759052268 0.1122008490462932
