0.0212323342368599 0.3603984331371606 -0.4492462369116859 0.3058938184412726 0.5596718506426287 0.1034660881785964 -0.4005380284450639 0.0922571336620142 -0.2852876532349856
-0.1846472367759237 0.1438625552138995 0.3694977878502275 0.2811979314574053 -0.2915103304006985 0.6405325089841331 -0.0084392255260292 0.3598487347987371 -0.3237059947184240
-0.2240586000151648 0.3693932307658081 0.3142666078856184 0.2295740303187109 0.0966209115250936 -0.6489424214160822 0.3222338222933210 0.2948419525302222 -0.2016193654786845
-0.3169479182239435 0.3239943821654452 -0.0486428935551271 -0.1654551849064438 0.1084406785721414 0.1450852114382150 -0.0556930251703734 0.3958445326091596 0.7564564771065474
0.5419672269101511 0.7072721114535451 -0.0121746356495183 -0.3284058008230804 -0.2423908516360987 0.0799323420972384 0.1219198908866097 -0.1219270535885910 -0.0562665361231363
0.4677917142919571 -0.2281673157169877 0.0058398149731261 -0.0213177903426123 -0.2273673156432480 -0.2687542745735292 -0.4508580589077466 0.6335184145017352 0.0088718281695852
-0.2032253046513325 -0.1331649068561584 -0.3762204429017454 -0.6048211372975284 0.0834418117598058 0.0775657066474960 0.3358182043732266 0.3925539215108830 -0.3921284622069490
-0.3158419621111623 0.1310867925542514 -0.5729517017604219 0.2421553207864841 -0.6761268389281143 -0.1711588910131132 -0.0684576773735625 -0.0699735880242503 -0.0110286421697179
0.4014749236762873 -0.1441596780920874 -0.3008683633578980 0.4631678053015668 0.0783256414364518 0.1513507330831689 0.6300507510540450 0.2077646893956512 0.2093265854097198
