0.0174281432049003 0.1052118038954170 -0.7089664002437125 -0.1364818594045261 -0.1165776022654452 0.4160908664370243 -0.4873611092597996 -0.0226619993666942 -0.2064212150142138
-0.2671601369508285 -0.3285003850752014 -0.0825148578712286 -0.3905850436029609 -0.5479472821324539 -0.4830959517376924 -0.1205171060026498 -0.3363303263160518 0.0087861455267148
0.5029708546978385 0.4316373552153209 -0.0081618830948815 -0.5625751540187864 -0.2809429729488767 0.0852027832500137 0.3903599947233212 0.0314317320762350 0.0677845488863604
-0.0035704429082482 0.3216728285529384 0.1825296359492834 -0.3191599041280481 0.3606600159496818 -0.2143409105670270 -0.5830705096610622 -0.0433749393740236 0.4934201589474732
0.0897416907087308 -0.1573262786897559 0.5929743621499836 -0.0016672023458175 -0.4692642794158898 0.4695006515207942 -0.3836913446555431 0.1662303910162172 -0.0090598386509859
-0.0809121613216616 -0.4305528781416678 0.0867470210817824 -0.4139540450359373 0.3975688488631447 0.4743387533510441 0.1903986185665341 -0.4509029488972969 0.0810623119130811
-0.5894556433487328 0.1930228048516148 0.1497972574927088 -0.4277702187952059 0.1419129537214627 0.0210673784123368 0.0702128337149431 0.4417354792066563 -0.4349878922634242
-0.5492916856374721 0.2867689707496172 -0.1164043658625791 0.1577592514151928 -0.2795820773087788 0.3056569185601734 0.2509923024843266 -0.0566727406253282 0.5829262547299074
0.1074692143066135 -0.5114803746576908 -0.2490811567392872 -0.1767090970618447 0.0241549082216307 -0.0314173687654740 0.0648457537909183 0.6739517496796242 0.4166344001124645
