-0.5252028512315367 -0.5272735439357194 0.1632423275923059 -0.4744511677937624 -0.1212648352952901 0.0644717433922430 -0.0496034838440577 0.3381653269985199 0.2423108475004798
0.2834339522073456 -0.5371009839873209 0.5420913734849819 0.2292098371062839 0.2219449978830564 -0.1095942477001640 -0.2438686508965639 -0.3776075943698247 0.1464842164627387
-0.0051174337512569 0.1709069658967485 0.2516447616489077 -0.1143120464437535 -0.0213797179544343 0.6408451498642671 -0.5633119370472745 0.0535356429456835 -0.4037899069099522
-0.1545944342207327 -0.2002389066935962 -0.1198824648688110 0.5986949266982972 -0.7255881691272333 0.1424156491022564 -0.1014780652227557 -0.0121609143259200 0.0774043065442795
0.3855323541925876 0.1562110020002692 0.3748228647048300 0.1909527945872624 0.0040440082979893 0.1818982461894165 0.1964876085661903 0.6777075662510604 0.3449775723357639
-0.4396144626829996 0.3567784381579347 -0.0458783679012897 0.2643187751980083 0.3448893998910440 0.0494163414631851 -0.3532291289704347 -0.0961976134119168 0.5933494411911833
-0.1921275938128657 0.3769548689139394 0.5091295528212304 -0.0549770479725205 -0.3069408536084820 -0.6204009315556500 -0.2013209517408271 0.0759813907659401 -0.1826015780229033
-0.0978261870706984 -0.2642598483309250 -0.2545459285457702 0.3736117789689377 0.3780031498131398 -0.2900591159379360 -0.2889448868433927 0.5074261079760899 -0.3850016933257665
-0.4811678350261034 0.0240699065492186 0.3676798308108024 0.3192498376905464 0.2302951434038466 0.2197890319761675 0.5683766077549901 -0.0908119508038210 -0.3132848336262374
