0.1119190336764577 -0.3013984596113647 -0.5485756844002906 0.6740520134542722 0.0180199233330879 0.1324519626227783 0.2771932631376783 -0.1774193086682237 0.1231655139681464
0.5217416620527907 0.2353569354078494 -0.1229075688049115 -0.0018421430620945 0.2065696860023325 -0.1412695655651215 -0.3279569109242755 0.1745617595845547 0.6757421241945130
-0.3440817508421633 0.2778297538186175 -0.1239982650780174 0.3968777051168567 0.0489416956075182 0.2832469606131364 -0.6795295425787062 0.2213703234018165 -0.1952986033834544
-0.0866086524334153 -0.7835375720488351 -0.1133314477452378 -0.2938286679497795 0.1002814801746751 0.0269588476243590 -0.4861073903630074 -0.1515856211665460 0.0965751578464821
-0.2720861750219876 0.3442682585818513 -0.4334356445070334 -0.3925892775633273 -0.2254815066319909 0.3219894808949780 0.0091574362255119 -0.4843872491769539 0.2760827398888065
0.5237402265220733 -0.1071497380705093 0.1057420288112248 -0.0639128018267229 -0.5280326704379186 0.6108344124192844 -0.0584738908441198 0.1637271896824487 -0.1295604756953263
-0.3550549432541711 -0.1303183648842569 -0.1382278365504732 0.0105412464337298 -0.6243245466627955 -0.2934189025382506 0.0614978449878566 0.5032386093849158 0.3237718077977136
0.3275528321855218 0.1167590903213400 -0.5530431976602080 -0.1885347849551569 -0.1572717980427581 -0.4526178140006652 -0.1707312808934326 0.0148808003033846 -0.5279265108277260
-0.0876177831431004 -0.0450368842826854 -0.3629425758475231 -0.3285355698089854 0.4476344640941600 0.3373282142965242 0.2848037139557648 0.5925870605869651 -0.0647483719888237
