-0.2084626782004205 -0.1792369152374378 -0.0930708147568997 -0.0446251330430769 0.0479262781514076 0.3452439085714240 0.0372794523104923 0.3254370144227943 -0.8276319039832485
-0.2079657558276508 -0.5726434305529999 0.3385281361620725 -0.2398013232184307 -0.2338210352351866 -0.5543950937342121 0.0866276145227063 0.2941368014454391 0.0260148845736478
-0.0961173353371174 0.3179239140056450 0.3714111008213434 -0.1002424560188309 -0.2988925194360848 0.4397218409471547 0.3318915018831410 0.5087115897611009 0.3000993182076477
0.0340055326963821 0.2138442863131272 0.5168610705422814 -0.5046059143321603 -0.2165019031190866 0.0934497251498908 -0.3532293023307138 -0.4360078496248665 -0.2467023303332111
0.0546422209735556 -0.2722025423360325 0.3781111106684227 0.5804575450055721 -0.2396384848045506 0.1630606196931475 0.3867867129361268 -0.4388591168563194 -0.1296316906550909
-0.6218474920774253 0.1284579183776284 -0.3640680655890537 0.1389968466307653 -0.6182800784265073 -0.0268187630587410 -0.1954820711689242 -0.1460542942718234 0.0490304149812003
0.6914759922644770 0.0768730922539724 -0.2684104439089665 -0.0384236474570391 -0.5929186123013173 -0.1616026288034363 0.0665051559807047 0.1385792225856355 -0.2028198944184235
0.1239538896940504 -0.0259335907330301 0.2893820368376395 0.5105602428439414 -0.0379447639081983 0.0226833547862168 -0.7206496223404016 0.3430480879958668 0.0240197571772130
-0.1404099263938810 0.6292622279194189 0.2008612814240513 0.2396435288755713 0.1188774091877219 -0.5634062647272943 0.2112036325124118 0.0887050858409407 -0.3201652723002162
