-0.2375913300943882 0.2935508104384733 -0.4147971762314859 -0.5300255945822758 0.1623438077801128 0.0364262908747166 -0.3761693361692489 -0.3267148212317705 0.3584217107752098
-0.2938162407854900 0.0582061264451444 -0.4820873474595090 -0.0269624765000355 -0.4501634335120803 0.2384053073213737 -0.1726909704600529 0.4401154390971138 -0.4406142296101101
-0.6734701761912657 0.0907476618592290 0.4862364298230630 -0.3093592179165620 0.2813052145780218 0.1349598780574255 0.2091312899543709 0.1280269843075010 -0.2204545183661426
-0.4103845685880991 0.4287633851817519 -0.0346653696796349 0.3916476618038702 -0.3519447731204422 -0.4945111096191472 0.1985112689869069 -0.2818155832685457 0.0769660885678721
-0.0940485924197122 -0.0338757592682197 0.0837157098974871 0.2785440152664836 -0.1742517571462336 0.7115739062313226 -0.0143449699161901 -0.6014179843897096 -0.0824726479890532
-0.1834310992733868 -0.5715981018866436 -0.4691655630514424 -0.1188876585282899 0.1409082539627714 -0.1623794221361725 0.5066379244273909 -0.2843588899987682 -0.1470165408302306
0.1318507279223555 -0.0693907418153059 0.1792395734370831 -0.1803300430368269 -0.0277057720761976 -0.3589357699526051 -0.4274460752457595 -0.3898631893978338 -0.6699616488582254
0.3465967123859682 0.6194747995446535 -0.2288860969293710 -0.0451866777085657 0.3304370840888773 0.1298726406570439 0.4197125588442857 -0.0430998866319829 -0.3709706307388078
-0.2350293657250909 -0.0439400780922802 -0.2150981700927497 0.5856390297676443 0.6386114130499061 -0.0259680196933214 -0.3602433829651385 0.0856178557786221 -0.0893620931770365
