-0.4494675956827229 0.4302248669607123 -0.0844722256984134 -0.4813073070716930 0.3649425800525269 0.2454177229818075 0.1749509313921173 0.3370563495167733 0.1909591759808060
-0.3117617390848808 -0.0518259624964652 0.3576494157901445 0.2358941250509241 -0.2108589642505890 -0.3082885559809262 0.2778452673606678 0.5986000479010444 -0.3762129693538264
-0.1922359067183967 0.0053464203647632 -0.1808238260294568 -0.4290350149374366 -0.4251916967725236 0.1516671843694144 -0.4968321894961415 -0.0052979048030554 -0.5436793776863950
0.0718627112550817 0.2604513289759111 -0.1321012968613749 -0.2622810207493066 -0.5392139307021547 -0.5572343064119255 0.0096322197819116 0.0656036296266046 0.4848715482519415
0.0503905469715969 -0.1281777950291116 -0.3799032295630407 0.2937925783990041 0.2220645603505347 -0.0824867048043853 -0.5814676368361419 0.5606114750326792 0.2046561472893710
-0.1451038799597957 -0.7077674966866133 -0.4750157596608302 -0.2100532589154684 -0.1121307912805604 0.0700922442646429 0.4165487208055460 0.0919374493682877 0.0937876467722251
0.2618571598283524 0.2747294090150544 -0.5105307407657803 -0.0325974219768280 0.3210786750699080 -0.4385786425389320 0.2411552732632385 -0.0531634838868069 -0.4876734433664454
-0.7208502561715545 -0.1009089377761099 -0.0555305169600031 0.1732860415916136 0.1936836017648503 -0.4076525205528212 -0.1917813445952548 -0.4405789805762731 0.0499676551771320
0.2165086561635313 -0.3759440331731490 0.4255721072143360 -0.5461755809305466 0.3851297598187830 -0.3754550812824248 -0.1967378341419796 0.0637587735808426 -0.0175583465571640
