-0.0904686431408621 0.1435481343741409 -0.2552895715384014 0.1648009700405168 0.3623834152576274 -0.2160602529257036 -0.7740783145070583 0.2333507520393538 0.2173100311717715
0.1063458377588303 0.0793536118121369 -0.5985732281628623 0.0476681412999901 0.0178541577149639 -0.2901358819820678 0.0375812282757108 -0.2165699894280486 -0.6992988602268964
0.2146839011558240 0.0760687567349844 -0.3948193248812524 0.6226910919015247 -0.1629902717107116 0.3855589805849198 0.2281808103301455 0.3941889841313562 0.1477324541347054
-0.0551887069161934 0.0468964756632024 -0.2174779835448921 -0.4428206053492945 0.5138695009877700 0.6775115718751136 0.0309244998288728 0.0872207460634084 -0.1404300112048348
-0.4025712976653581 0.2951666291505435 0.3640841329036909 0.5609349592571035 0.3570354942583540 0.1410221813069958 0.0686471125168020 -0.2932326541198800 -0.2560240451656065
0.0907106782054317 0.5091569648169362 0.0838939566982509 -0.1558570998943631 0.3340406228217888 -0.4231001437566745 0.4499536870554820 0.4526286185696482 0.0572125012105602
-0.3400839366063329 0.5221428177048597 -0.3825496686339907 -0.1539736435093974 -0.2529950200977972 0.0447261017272758 0.0941383066103974 -0.4213608989747028 0.4350215279590060
-0.7736111359222656 -0.4253760580537396 -0.2148305967446610 -0.0073943909570552 -0.0104637464521103 -0.1526701042941413 0.2139123716033898 0.3242342162114851 -0.0083771638499835
-0.2166741013780852 0.4064100584353685 0.2031414937712767 -0.1550228373687103 -0.5239831530127482 0.1930075318980931 -0.2908201116677354 0.4026432198732908 -0.4050635749189850
