-0.4325033566208025 -0.1529397580397716 -0.3279292001331879 0.0793994524090814 -0.5121075755156784 -0.2046374778520018 -0.2261682803758667 0.5094163954439147 0.2468210330223067
-0.1411466074282865 0.2047397934228517 -0.3577573460143605 0.0118512134492272 -0.0439824621796595 -0.6531293750576142 -0.0616629198153367 -0.6142195305149621 -0.0211683118006137
0.2294552867229810 0.0087925402381389 -0.7146101468587076 -0.3503775132285303 0.2058962369353426 0.3425173906674112 0.0354574805951919 -0.0362628080513618 0.3893035465927944
-0.4722590462182486 -0.5149579270547691 0.0734503945270288 0.1761881046036532 0.5694682906779757 -0.0822668563718444 0.1649644897574600 -0.0838045022670751 0.3317439837318967
0.1826311255959518 0.0096834341696067 -0.2114470144556577 0.0074065631342956 0.1219776994559889 -0.3874830575834335 0.7211484834722002 0.4237004667056623 -0.2391411846314511
-0.3995383238813183 -0.1542813980974910 -0.1998682457050763 0.0594647403539104 -0.3626375802800245 0.4608733269782923 0.4321127752702632 -0.3371667487827675 -0.3588452337383156
-0.3816994711976035 0.4324356450796035 0.3374168894144863 -0.5943180989250393 -0.0639068131854813 -0.0241896474824898 0.2950961894313038 0.0131908604464178 0.3291136383485082
0.3038437053641374 -0.6724128606320182 0.1762016742103451 -0.4912501565884607 -0.3263127705422403 -0.2074473681166067 0.0490669140255096 -0.1688426488074799 0.0523102701079778
0.2938361150281771 0.0799744398201077 0.1373140772210080 0.4915455158334802 -0.3349258139675638 0.0359531710732878 0.3468561209286754 -0.1816749231785338 0.6164490237090777
