-0.1510306835490589 -0.1822767471695772 -0.0007813094734557 0.0433343028605701 0.1196202291842944 -0.2128982840487159 -0.6794328166169777 0.6225423629749823 -0.1823837252704626
0.0029944665553294 0.4366694805464662 -0.6513135785590778 -0.1248059750064921 -0.3575997916482602 -0.2849317222054298 -0.1151468231109365 -0.1242888584169272 -0.3629802755131745
-0.1981432585730649 0.3833281989588898 -0.2549102281042638 -0.2609106717633542 0.7620940633634228 -0.0739078840505453 0.1659706034836246 0.1526431186184380 0.2089240012825863
0.2427036896119005 -0.3861610234404556 -0.2933611419430985 0.3568385664921956 0.0540320098061529 -0.5950762286397059 0.3984980563600425 0.1895938302268959 0.1637020571869521
-0.4092776054559700 -0.0958583447289180 0.4209734175528357 -0.2414827414679609 0.0799297378148898 -0.6059062443547510 0.0556052809434477 -0.3567567940219265 -0.2896411390328099
-0.1096889873646135 0.0286657832749750 0.0552423951359643 -0.5445820214405653 -0.4574181315692258 -0.1806490409603080 0.0375713941820681 0.2659295095254811 0.6111708123250815
-0.7915877111371047 -0.1706688032143489 -0.3005368461967138 0.3685002202652135 -0.1137367144375853 0.1557154510644298 -0.0196418537092136 -0.1424367934120445 0.2455379043708491
-0.2562976446569016 -0.0986140548014769 0.0147796763678409 -0.1769981471954693 -0.1400375100018046 0.2393733625184799 0.5668738430288138 0.5054042212525779 -0.4892346174727199
0.0847084090912375 -0.6566361142055538 -0.3923504207769770 -0.5149108822628862 0.1610587339809658 0.1805734747456352 -0.1119374889433958 -0.2530453768765167 -0.0864451839656321
