0.1883356514863592 -0.0502820332101716 0.3443757050300803 -0.1569857196368703 -0.3945389001771211 -0.1488516301929904 -0.0080227835962725 -0.7991123878879601 -0.0479534361008142
0.2286278999197343 0.2145537741236595 -0.8131671206414051 -0.2307655039564929 0.1765022116708347 0.1091204533237024 -0.0817077088637090 -0.3704530730235328 -0.0151836892900230
-0.4014017862482154 0.3808410213362488 -0.0575266182868332 -0.3391508781232372 -0.2897012142267390 -0.2189450657876594 -0.0548003271308257 0.1464859303468508 -0.6474404633019049
-0.4559104610028131 0.5323710642943821 0.1593640901222418 -0.0307608427173443 -0.0431084189374294 0.4823577453742103 -0.1857443239571092 -0.1589531192535398 0.4336924952966192
0.1247524479121374 -0.2150330379907799 -0.1418162560454988 -0.5505803711743131 -0.5672543037570356 0.0355983382611990 -0.0404032221716634 0.3386745194348522 0.4190101268669523
-0.5174423891263852 -0.1371378165665715 -0.3275218307836271 0.3260363260451065 -0.1702893104908695 -0.5789140288463557 -0.0074193608618417 -0.1468047182200348 0.3378309982696168
-0.0301317786383027 -0.1958707613596356 0.1275806932470764 -0.2105533546320447 0.2961769455013005 -0.1883284981172984 -0.8813992663674948 -0.0012077466878425 0.0079145858678159
0.2054038972508566 0.4633450262889631 0.2138207368303856 -0.3276467122871386 0.3624132616050902 -0.5433002135298373 0.2398355732529481 0.0766398076945022 0.3164422435553640
0.4656959725913515 0.4526362831376429 -0.0456052820852800 0.4949845494503247 -0.3969393487455541 -0.1351981612053361 -0.3459511805031197 0.1879694552841126 0.0174351817816535
