0.4096421207158913 -0.1306604565422299 -0.1397835918618318 0.2693118369297854 -0.3927374621262396 0.7033558585446169 0.1865228347301803 -0.0684427735780176 0.1860792866765263
-0.2783450859884974 0.0065199464604492 0.3850541215178263 0.6173807975878298 0.3763859494733213 0.2873733823047608 0.1342227860726456 0.1172856250338670 -0.3701813875889209
0.1174051863247611 -0.5523513266739671 -0.0393188747673738 0.4615149190614580 0.0558611258129115 -0.2752672305999298 -0.4951866939566044 -0.3254266695173116 0.1912515280781768
-0.3773829142802645 -0.4280869695868859 0.0023588528396529 0.1179345960332113 -0.5436476504141219 -0.2123773977915537 0.2092847716980979 0.5253118159133651 0.0000534283275291
-0.5920821991147344 -0.3126322468317319 -0.1405705274459057 -0.3722547899104343 0.1275276751334260 0.5205561599874152 -0.2892785548160640 -0.1382401751629102 0.0577199619143918
0.3711423921533643 -0.3820258264568680 0.1590056689937248 -0.3182138951644628 -0.0908000677274239 0.0463355470605348 -0.1206439448044159 -0.0010615617784974 -0.7515443987328091
0.0295797946340726 0.0298349920777966 0.8787199503533109 -0.1872450687492161 -0.2238307998088422 0.0643962837957096 -0.1714807210067711 -0.0536689995124842 0.3232527410276105
-0.3306245898964421 0.2645258715171469 -0.0067353719341339 0.1380131447651029 -0.5168368440298619 -0.0986059765010254 0.0608499558540971 -0.6518601663033884 -0.3100848190445054
-0.0044626021759084 -0.4242501343458316 0.1157814342028529 -0.1595789466553958 0.2523671119416526 -0.1217996283580514 0.7258361383865017 -0.3908850686196678 0.1515505943640172
