-0.4099287380872723 -0.5884957329224770 -0.0839529241040493 -0.4481252765742773 -0.2461830632648829 -0.2525401713580285 0.3464986454609939 0.1780259598541916 0.0403689555907278
-0.1093225888354483 0.2787033264650629 -0.3008917381513379 -0.2469156293436617 -0.7232059785120546 0.4042570790160293 -0.1544699856602068 -0.1978052932892295 -0.0971147644411560
-0.3200856467641544 0.1195358431389214 0.7045112550463443 -0.1968131072431873 -0.0910752797461578 0.0652778680693123 -0.4562017404753523 0.3559496857704405 -0.0284383511760966
-0.3053009945423283 0.4411493532109385 0.0789227378430722 0.0840252217990420 -0.1538312764038192 -0.7271612872876765 0.0731966644363856 -0.3545443495865220 -0.1241066783367031
-0.0573011886537736 -0.1463658415009027 0.3783295290018862 0.5842707568963705 -0.4237898952301886 0.1453353119250455 0.3381850329402696 -0.0972006499810376 0.4077385844980080
0.6646069963663566 -0.1621546059712219 0.1875562920000905 -0.3317247550575315 -0.2566209764920834 -0.3321152139994308 -0.2404143844212549 -0.1880358309319496 0.3427438656779249
-0.1240201709315433 -0.5547940339402833 -0.0899130871541009 0.3708327842410607 -0.0871671491096929 -0.0883407450456368 -0.5657145914721309 -0.2993887705580011 -0.3258104141014825
0.1824335061951756 0.0866732248743736 -0.3082772369475421 0.3211659564526792 -0.3184887516890359 -0.3143627928634968 -0.1231569837607136 0.7363073514212485 -0.0587208021713555
0.3615170949024819 -0.0637958832071208 0.3441240302068725 -0.0185098748125376 -0.1729822132872491 0.0415212848060754 0.3677378116695372 0.0137969988309115 -0.7611853869023987
