0.1860105274741182 0.2808988226866981 -0.1858856770043975 0.2209416382406878 -0.4735142176076571 0.0973444336321964 0.5935362151184057 0.2948640224822243 -0.3608400742862670
0.0651427458841361 -0.0797207114650906 -0.0025815620330065 -0.0140184157481054 -0.3980699586768271 0.2983852928911912 -0.7122585215074341 0.3920208359266053 -0.2840982895131085
-0.1257092543599586 -0.2197114747235489 -0.3420784751136771 -0.4749497724129810 0.0941882587014710 -0.6053170657128015 0.0213986976135118 0.2841222541487956 -0.3699534350554214
-0.0260796215171052 0.3839479697628131 -0.5188902219548782 0.4336289867563270 0.5520166071666979 0.0487111371736073 -0.2185307651379553 0.0931043768053868 -0.1763616157108931
0.1154968235333097 -0.7485789967330385 -0.3248116082382093 0.5257249263964511 -0.1193072255403387 -0.0962933220184811 0.0396404897399532 -0.0326793350833800 0.1351101958522114
-0.5155601037573029 0.0092204561130242 0.0570644819847487 0.1983009867495282 -0.2240413166534652 -0.0841495332577705 -0.0834041447683177 -0.5970867400431204 -0.5203735621047910
0.7286078411646971 0.1022223584232544 -0.2539841166235545 -0.2054303965227957 -0.1167626333235977 -0.0889853663851236 -0.1617963943122551 -0.5389982685392049 -0.1171431143818709
-0.1337510229432470 -0.2895453819892929 -0.3323022823239878 -0.3982622555703765 0.1892106511749694 0.7116247560252943 0.2198367005043114 -0.1175155713669696 -0.1577591717528026
0.3417207688445239 -0.2535937972680549 0.5435838764720169 0.1444037410632581 0.4357383645775517 0.0450224018412191 0.0956822471475196 0.0898411658612993 -0.5417192671479191
