-0.4157992886555412 -0.0990640590760653 -0.1040900182750032 0.1166299494165594 -0.1756186960097449 -0.0121184689498561 -0.5916515920305157 0.4009955417501215 -0.5010211295084787
0.0121962637274239 0.4636743363799052 0.2615847336000916 0.2223714037244400 0.4340009654392636 -0.0932018532996224 0.3645027662552352 0.1571644170110082 -0.5589055401800119
0.7120339559120082 -0.0171895498087571 -0.0663332502264174 0.4423923396253432 -0.3911902781145544 0.2626923866265380 -0.0776399113199973 -0.0070408591113316 -0.2539417837835917
0.0435787795531503 0.7842044920992769 0.0963545621984198 0.0391721027474963 -0.1599538405174315 -0.0278948230643093 -0.3427121471170891 0.2115535006650909 0.4286440219792397
-0.2221748026996287 0.0704192716688236 -0.0566829068971472 0.5005638025591391 -0.2025009800387655 -0.5892142677600936 -0.0374269874800003 -0.5497116189302912 -0.0117757050203198
-0.2600178127491161 -0.1887861808037001 0.5211944224311713 0.5133831466718454 0.2066530934217793 0.4772030836588989 -0.1271522973337204 -0.0898565224262815 0.2586009441524341
0.1943285770313794 -0.1401890409906678 0.7895269753738935 -0.3358491350778524 -0.2531609434366539 -0.3183775287727397 -0.1518874418881738 -0.0361160273736348 -0.1288684368405463
0.3750398913751135 -0.0769780707368452 -0.0937071882074456 -0.0302060715061067 0.6665162193364390 -0.1728274841528319 -0.5739020751266779 -0.2005792714719062 0.0041432751964025
0.1506031753663948 -0.3061740835826108 0.0079958506965473 0.3344690627013867 0.1006960225842004 -0.4639518505349803 0.1536381543808165 0.6464549435146090 0.3236401420158989
