-0.2534198454320424 -0.1694187067727928 -0.5256827751116151 0.4319208027815238 -0.2220576888863365 0.3025398170184308 -0.3997516525118179 -0.0953239893531700 -0.3666738593149633
-0.1027747051215683 0.3260891171972825 0.5704690732602271 0.4303252002969018 0.2006979234077132 0.1879853252112347 0.1238424724978933 -0.3462849760579015 -0.4020200548268283
-0.7514122242438117 -0.1196601492940368 0.0353771223916336 0.1102100842574445 -0.1475683222235357 0.1761104906127381 0.4781543862329250 0.0865994090597081 0.3445880513252685
0.0165017153329036 -0.2541439902239072 0.1992248761186149 0.3140861814163770 -0.5367786526096010 -0.6931419957623782 0.0210065145997786 -0.1624862914659422 -0.0371164147800675
-0.2317346069377383 0.2817462831617875 0.0040365137210050 0.3798976835262721 0.3815322037528544 -0.3788946067766725 -0.3212552773991527 0.5590920430201454 0.1329012758030459
-0.1366253121474813 -0.7064808785978674 0.1700642299615428 -0.1462552871658548 0.4001559856300149 -0.0949061335979101 0.0796065552570053 0.2148941818062395 -0.4585380473589034
0.0637028686324068 -0.0768953386160700 0.5146018430576977 -0.0626886116311893 -0.4687238191438262 0.3850949704650242 -0.3203647244891348 0.5006496297027607 0.0006076115158884
0.2856405133565042 0.2043603760705083 -0.2506992458909675 0.1753562608138615 -0.1890139514095188 0.0129571015523200 0.6077950317714050 0.4771556126492075 -0.3873757401904682
0.4497856625792600 -0.3998539908972693 0.0260242161700687 0.5630947618987245 0.1984516740387702 0.2462440363406190 0.1191564238745338 -0.0028013389235329 0.4536864333261156
