-0.7673318975390124 -0.2706996193418148 -0.3038430138216814 0.3754749081312597 -0.0397156985228643 0.0024302897743154 0.1358760838427710 -0.2887651065371741 0.0345058182273014
-0.1265809995656763 -0.1641724468950523 -0.3434859230464852 -0.7435469400616820 0.0747201055828549 0.2410390643741869 -0.0873064839210831 -0.2136210309727944 -0.4113887882308184
-0.2134745467687070 -0.2895783120939125 0.4325559072053156 -0.3045932452087666 0.1726921601575054 -0.7329561123345942 0.1386499712538659 0.0151112339348820 -0.0647452890446411
-0.0107082639020488 0.1916397178555750 -0.0313747178483151 -0.1389328620380830 -0.0438688409143451 -0.2143642401851366 -0.6213656459473141 -0.5299137215298575 0.4775903240726506
0.4540503212372081 -0.4642549366021187 0.1819523123200538 0.2698228036992431 -0.1372770277503655 0.0391645501219429 0.0593658910448614 -0.6002757197027078 -0.2969184690312023
-0.2616722575662912 0.0002917279696284 0.6276605365452768 0.0236950757769729 0.4806558865739728 0.5147983042385761 -0.1833587942077633 -0.0843837853742628 -0.0148287818121011
0.1933661679511451 0.0250272974931144 -0.3906248777010648 0.2657017459557630 0.7880883849451985 -0.2354290129940234 -0.1629867133221858 0.0095961992931648 -0.1887619352090183
0.1640037698011235 -0.0314028957477435 -0.0975235527977532 -0.2203321820368783 0.2996207023166851 0.1339184097581566 0.6387016997440068 -0.2611218809807255 0.5746549435326859
0.1028162658419902 -0.7496949411113603 -0.1115563817905487 -0.0395937602478156 0.0190152659995237 0.1371329879852965 -0.3113629727574255 0.3927029157640121 0.3782119789124565
