0.1111780571890960 0.0652093061293372 0.0009027744823312 -0.4010386772623440 -0.0841031930311552 -0.1741825091980102 -0.5589109084775921 0.5734069989741157 0.3794264970391394
0.5300155738415967 0.2541493177714618 -0.3258596897961411 0.1947959777140597 0.1383842376993505 -0.0039353388875165 0.0133001046378916 0.4121437631750431 -0.5667067556953905
0.0112760943362049 0.2169811319644995 0.6155917834060367 -0.3181158065776910 -0.3866197881037637 0.0252042818866778 -0.1652168349334587 -0.1080504016093312 -0.5325030700983203
0.3790819944906377 -0.2223154365950663 -0.3807868275392913 0.0603190942905601 -0.6692333775321744 0.1788794738965181 -0.2417585612726501 -0.3371629362449867 0.0789839200755061
0.0760996617463341 0.0795602843770103 -0.3849616065419403 -0.6853902078369918 0.2984844535269137 -0.2688282437689611 0.0112938156847146 -0.4323120717660448 -0.1467683746902666
-0.3671630457130252 0.0701033569720861 -0.3082171046839893 -0.2981950821433994 -0.4696592912388067 0.0435562662564209 0.5527831863565703 0.3799378032982185 -0.0629264880551302
0.1141647715771730 0.8170186648101295 -0.0122117501153789 -0.0144074439234249 0.0009160880905533 0.3992417792999686 0.0791549446939462 -0.1624043209059203 0.3564473295269701
0.3608665003376230 0.1586805356406181 0.2033143050939575 0.1351671196963405 -0.2143934743328181 -0.7379696730466751 0.3566688412775295 -0.0674124459949684 0.2503359727519125
-0.5282371961952127 0.3615350261664198 -0.2918625363281203 0.3452950595863342 -0.1441875917814281 -0.3985634641272096 -0.4031413277106701 -0.1175675722487729 -0.1727932591580234
