-0.4707170537821522 0.3034422998637051 -0.1087917766857422 -0.2501249279783848 -0.3042184658190928 0.3324302335840206 0.2131469330701261 -0.1390412417592830 0.5866236259546923
-0.0405003070167096 0.0977043084859341 0.5370546023597365 -0.5645876699318830 -0.0030320866089088 -0.3686623557495347 0.1039936322471353 -0.4564914266455621 -0.1628081264405976
0.1804668340336822 0.0188915600483896 -0.3347230607363945 -0.4862835224731060 -0.4014860931408545 -0.3629738609887301 0.1491993654747870 0.5473530587801049 -0.0613735349692157
-0.2052159290854574 -0.5405014214156566 -0.5500447786556070 -0.1718373622834557 0.1506147990969970 0.0155211825259810 0.3337420579836383 -0.3960394271616565 -0.2061809504942105
0.5410595438394091 -0.3544324198546733 -0.0138186133819469 -0.2580808307491936 -0.2987214719995132 0.3162905676037076 -0.4300597684634133 -0.2664514657379294 0.2638437633656163
0.3044495409613187 0.3609523108266661 -0.2158678995074341 0.4120818126457142 -0.4946626147592057 -0.1912844533316964 0.2361886884089390 -0.4493141172684452 -0.1471883790600569
0.4407777011984349 0.3381583596129228 -0.0174142586837772 -0.2512673162592602 0.3221279201751577 0.5379691136129100 0.4315111711702472 0.0607822675270867 -0.2117826297792111
0.3475043157842919 -0.1533005003752359 0.0532032341040741 0.1281779078486409 0.3257268891836575 -0.3750778259693961 0.3914015067685726 -0.0052910160553468 0.6606625694661441
-0.0403006245597121 -0.4605615383819562 0.4849991472740546 0.1915634732018395 -0.4240000085440252 0.2342299477170581 0.4795580946257155 0.1980870344051355 -0.1023917815466365
