-0.0885706213833530 -0.0394069387399025 -0.2361426894774214 -0.1243292104430677 0.1503061126668014 -0.2058736680914008 -0.1180538908948707 -0.5929526944083974 -0.6991964689297848
0.1327962503734811 -0.0590748222447938 0.8038688219069790 -0.4607912753949932 0.1254435748941794 -0.1070928516107721 0.1766538370666920 -0.2464384740980929 0.0346145913552546
-0.7729767643333364 0.0366148223884234 0.3185099821181074 0.1443929127573202 0.0291797227719727 0.0897564711038237 -0.5141424596807666 -0.0401405176416899 0.0633004288264918
-0.2527640678291837 -0.5300512420371522 0.0399883643765944 0.2315740071256149 -0.3798010279557431 0.3467662839722998 0.4941629724087372 -0.3020314060100124 -0.0038375402495941
0.1666662097049749 0.2936771530188196 0.3259259653149449 0.7577373705575262 0.3449455203684113 0.0600261752425071 0.1963226806337532 -0.0718641738477711 -0.1982040327059508
-0.1414809260527312 -0.1420695114812604 0.2077648436671300 0.0140205026285219 -0.2654743509855373 -0.3083611266294699 0.1462883489738946 0.6324233868809446 -0.5740328909965816
-0.1624302529949393 -0.2905639897144239 -0.1168774748177681 -0.2139067096012142 0.7287134874264186 0.4107814746905833 0.1654911537627161 0.2940352781025939 -0.1271366304898466
-0.4862667797895434 0.5009720497200625 -0.1679793371724147 -0.1501610738409029 0.0791292305370788 -0.2705066821802598 0.5991375241858190 -0.0412884181158252 0.1473105966007482
-0.0500420085594743 -0.5204150758144744 -0.0609303078171822 0.2346718734250865 0.2997046546510160 -0.6908249148169990 0.0046062685344986 -0.0394419993019277 0.3150265444159724
