-0.2815155664977994 0.3264272122333057 0.4781819584016870 -0.4804853358377081 -0.2336294126629056 -0.0467463248417149 -0.3444955783953581 -0.3461502738382737 0.2437313699083115
-0.2995013668843559 0.3073990982338227 0.4395636249988462 0.5678230646477984 -0.0255431474780686 0.0745220305176950 -0.1739799451747186 0.5127129574802213 -0.0285644703190995
-0.1803989107162872 -0.4262453816496075 -0.1626309475885205 0.2382127043594260 -0.3083826168679711 -0.2935590721938695 -0.1162310995337633 0.0532410310392722 0.7106025238235295
0.3003782240562999 0.0540305683054986 -0.1080220208134283 -0.1220508038582534 0.1620088369992574 0.7372915584785721 -0.2764456563137773 0.2024301585318081 0.4393661218741427
-0.2558361209819120 0.4055111964137206 -0.1965421216544744 0.0372732148555475 -0.3489794716386481 0.2861513424101235 0.6911226494385075 -0.0783043500606213 0.2064923738550831
-0.1928665923578282 -0.4763849586028293 0.5462889722334948 -0.1554493488939463 0.3882759499173304 0.1569026984355280 0.4629467262540518 0.0386721228528667 0.1485659214555380
-0.5878272174673793 -0.3926339533888494 -0.2235335755668986 -0.1334276789113970 -0.2680849624701924 0.3999839368044007 -0.2228740104165712 0.0629529016339445 -0.3834513619716395
-0.4979584384323764 0.2289375178172237 -0.3483726860785981 0.0943902146614798 0.6898006446910727 -0.0811333832669312 -0.1142600815834191 -0.2175425054621196 0.1629855891711745
0.1101089702555615 -0.1280268495731033 0.1778117475397330 0.5681574318069661 -0.0563806888504394 0.2990228317183734 -0.0801469093016420 -0.7173408679651554 -0.0589098607135684
