-0.0591975804482736 0.5407338158489351 -0.0230517109862157 -0.1244706522353731 -0.7096823112491661 -0.2171055742357291 -0.2712615273058789 0.1364939941326898 0.2123229199225374
-0.1153028685734412 0.1909380172896342 0.1998561866094099 -0.3392850362178566 0.1075068261568393 -0.1909282072610083 0.5485959574318180 -0.4719354511077400 0.4727570183548974
-0.0489307634353206 -0.4704282633573322 0.1366124387888699 0.0055483314279240 -0.1174211505864719 -0.7569159986717264 0.1739313735909883 0.3746241380845362 0.0174460254977345
0.7801019265123226 0.1700548078924719 -0.0290957189733993 -0.1964643136336770 0.3246253256907815 -0.3259238539715605 -0.3154996859631521 -0.0845529305537635 0.0691400650468901
0.4522446152987322 -0.1684267044610977 -0.2633234373601636 0.4493994860850864 -0.2640907674481862 0.2247611198261718 0.3419681096391927 0.1265793206017430 0.4925262587414763
0.0356746623175420 0.2111445958456319 -0.5896110284905413 0.1803208303375755 -0.0993191425459741 -0.3120867276609750 0.3374269766339693 -0.3126910715529612 -0.5050677408971236
0.0556939490446475 -0.5763359558464700 -0.3051151152736133 -0.4814179242942038 -0.3612983912314651 0.1127737168032866 -0.2231987961811507 -0.3814808775215460 0.0357323018959205
-0.3227003175118834 -0.0738933567083479 -0.1669649297629821 0.4952921974469201 0.1906054123102580 -0.2764157517368323 -0.4636587141480896 -0.3824887809127632 0.3784170537247933
-0.2433361360928094 0.1017608372640479 -0.6340849194548759 -0.3452689267612308 0.3451793657056865 0.0149711755538217 0.0084395697955647 0.4533547381256205 0.2901435239292191
