-0.2814963893341341 -0.0829656043387999 0.2698459856614930 -0.0226194673151820 0.4196731077105977 -0.2130271055513587 -0.5571975589763895 -0.5180435735150719 -0.2005085189829217
0.0088464407500021 -0.7717205964719017 -0.5406839060631282 -0.1131105603908871 0.2523715388527656 0.1094870898327071 0.1090163971272174 -0.0990003293802591 -0.0432610655964406
-0.6551889968644741 0.1344305289838666 -0.1906015622815869 -0.6687422982113621 -0.1656193151576033 -0.1420752547918880 0.0330158281870389 0.1341461303098214 0.0490940886280339
-0.1149984110171279 0.0363099176832913 -0.4561326389977135 0.3399011578900887 -0.3178149328526026 0.0398671724379481 -0.6900699820841100 0.1880615926491091 0.2184209423607151
-0.0983937157140821 0.1102473223768949 -0.1152377699255517 0.2246576397521156 0.6011451669355389 -0.4863741924866221 0.0719051516902287 0.5555259885595462 0.0519477068663145
0.5977501527561886 0.3330720800359689 -0.2665753849404341 -0.5373360453411705 0.2852210505196625 0.0556015416565162 -0.2735363734016206 -0.0328619983701198 0.1077990969198140
-0.0066818667791629 -0.1624284516513188 0.2013114415304749 -0.0300467528748854 0.0460024634798981 -0.1483530128966619 0.0583399190580412 -0.1894129957909342 0.9320609286356590
-0.0999435155308660 0.4222565907187460 -0.5153387606422447 0.2684658530184515 0.0302260510330584 -0.1931563114549242 0.3403877579888951 -0.5651358579140994 0.0244412425168434
0.3180634293293848 -0.2244970808956650 0.0039501466528342 -0.1084781081936392 -0.4312662747624360 -0.7885986915764019 -0.0331633832110606 -0.0593513945815526 -0.1554114469672225
