0.2329107884672722 0.0469055777371643 -0.0374157164861205 0.0798936554828048 0.8962274318928707 -0.1413454337165059 -0.1123874210267210 0.0416262754287106 -0.3133746620982932
-0.5568331982588650 0.1558446872419482 0.5288367124509017 -0.0814031782452798 0.3093815493987418 -0.2088913240662170 0.0960167521149439 0.0540606854304617 0.4773470164739003
-0.3161052526345340 -0.6553205059180745 0.0101026981782362 -0.1901295076340197 -0.0326520373759049 -0.1490148763253325 -0.5021462432574407 0.3549136630667403 -0.1816454316420807
-0.1278264761855739 0.2065744326670754 0.2303399247268135 0.3517654602943492 -0.2734234105761493 -0.6494243352032358 -0.0087636388713570 -0.1184811209903283 -0.5035524498722580
-0.3182329616458196 0.1908704056320115 -0.6897331549064391 -0.3445671745395100 0.0623198522221285 -0.3712203610154723 -0.0961627647060474 -0.3184747994782933 0.1244030224575565
-0.0832269111580002 0.3618474878425172 0.0907087454834068 0.2357797446950587 -0.0306863125804387 0.3079722864532375 -0.7973738372232557 -0.2492646198875940 0.0677720168406685
0.2940773937639727 0.3908090617098909 -0.1439269987314703 -0.0068804158483716 -0.1089272483168980 -0.2856935100007789 -0.1839797628434454 0.7335031006900292 0.2732456106437117
-0.5632809541018897 0.1690163397013234 -0.3300827536547311 0.4039157098646924 0.0672865828546972 0.3604422522543089 0.2164266930012071 0.3723239962803287 -0.2492664149704668
0.0863790008015619 -0.3908081070327105 -0.2283500461611874 0.6997060033182208 0.0633631343884305 -0.2196305945320887 -0.0134469231057731 -0.1230130304628627 0.4801145142337856
