-0.2488747588673367 -0.5234735450092811 -0.3366387250786230 -0.1740803164645728 -0.2743656393213382 -0.3385796164349510 0.1561392842270428 -0.4696863592320236 -0.2924205899695895
-0.1020110810198482 0.0099982354184765 -0.5184034666251167 -0.1178068813487206 0.5188353222170653 -0.0443288210115296 -0.6351680304959344 0.0769386455275350 -0.1623577563394323
-0.4765159063779627 -0.0077776904501927 -0.0777141997439991 -0.2587552824628265 0.0943201228773529 0.0761508975991938 0.0308542826572980 -0.1884234716251658 0.8054363222834219
0.1235239908355923 -0.5180450918293060 -0.0103158251817647 0.0193572796472744 0.5024456191764750 0.5740940531560035 0.3585962362504546 -0.0372340560577567 -0.0622636998006656
0.3224154798359805 0.4544367490643625 -0.4910983548689603 -0.3682521632115597 0.1280409515743032 -0.1023870127784884 0.5345201160707715 -0.0125857398685278 0.0007131611671375
0.0462298260938782 -0.0351496931210510 -0.3265896628928205 -0.2493979544425256 -0.6016692723433922 0.6235122460369285 -0.2018377038290415 0.1892339237212957 -0.0211135939641688
0.2812110783583220 -0.0070088782310030 -0.4352349206737772 0.7423430410961729 -0.1061098806312821 0.0273325832114078 -0.0281257067920965 -0.2654593136234681 0.3116127384303752
-0.1985472899635125 -0.2996484650999193 -0.2504734775474833 0.1704758146249594 -0.0543656741290461 -0.2762486885724658 0.2404417435920538 0.7923252422254407 0.1188710170476001
-0.6787782207782472 0.3998220685370859 -0.1085426196725763 0.3324821682777208 0.0396255815995964 0.2677775728127820 0.2399694749968434 -0.0486782681894285 -0.3519184707528274
