0.3510349083899397 0.5379548332995449 0.1057748956737222 0.2668817447200757 -0.3529674041129701 -0.2077440300777874 0.1837043279602026 -0.0410692662916122 0.5493517644073388
0.2629971592051552 0.0071089953892228 0.0774958035149935 -0.0580219034785655 0.4711237170270364 0.0157694455059372 -0.5960311659467197 -0.4984885808899136 0.3089653174297767
0.3060290623638109 -0.4233822652686602 -0.5439578005964141 0.5004474934417865 -0.1253530074296410 -0.2853243346237406 -0.2393382032637923 0.1615682901324826 -0.0156667675300229
-0.0929593946404548 0.0312042371248616 -0.0741839694591232 0.0724702453830259 -0.6105050761063856 0.1473119206324572 -0.1434807158279896 -0.6745459404721835 -0.3310792310140362
-0.0404750573628464 0.2841874373822499 0.1873020744234631 0.6739467767927574 0.1778132045018538 0.5337099704871143 -0.1670970073277890 0.1750105775634705 -0.2308656854608927
-0.2280014987330954 0.4475104739897768 -0.6792582198003837 0.0434720414517565 0.3756954002708159 -0.0646432516243298 0.2722505689733731 -0.2436602537467925 -0.0751775855095548
-0.0241733553358936 0.0552817735005011 0.4132018815275218 0.2779069348189819 0.2280236133326406 -0.6875794005321393 0.1160730921991760 -0.1850625235308026 -0.4194165166876496
-0.6264565330235327 -0.3641074994410139 0.1037982424812192 0.3590295100177245 0.0330224682411739 -0.0097513489618563 0.1703897315744279 -0.2202322385439476 0.5065384537641655
-0.5085830303002341 0.3371488440268686 -0.0585581372533860 -0.0864837156490764 -0.1979313248053014 -0.3026505596326180 -0.6233639965781790 0.3097684843234927 0.0381066012104027
