-0.0398342847085924 0.2557966241106251 -0.3134356449168093 -0.6367637206799410 -0.3868810007643275 0.2237593099463912 0.1607186392145491 0.3975509014357134 0.2136563587009932
0.2170679129684830 0.0467201857919764 -0.4939071787098026 0.0499811956041261 0.2920874424553169 0.4414193289684159 -0.5075435454338827 0.1310027975660870 -0.3864298678870765
-0.4993438143445331 -0.7414388989047990 -0.1679119106806028 -0.3224919643622888 0.0003657644722315 -0.0551885572029217 -0.0191474143113601 -0.0478079366332745 -0.2510587670851242
0.4077411994941994 -0.3319633896386602 0.3877154063267085 -0.2017661492350705 -0.1991762599096836 0.6018087716318157 -0.0127365361823682 -0.3460986511583702 0.1035525522729319
0.5490637016096622 -0.0395835316328803 -0.2236591433844357 -0.2324851273186783 -0.3211305383858058 -0.5340267745778278 -0.0251699486300266 -0.2792421040254541 -0.3549230214141755
-0.2573521465551918 0.0029633775597982 -0.1813936618004946 0.3617331954984996 -0.6731916888602443 0.0320752016476786 -0.4778823134817654 -0.1920921634767790 0.2247659949165016
-0.1644312026445782 0.2026540008868613 -0.4738768642321810 -0.0415136096548768 0.1990308023693956 0.1504921041151760 0.3347892800293972 -0.7075051321563677 0.1752214756737432
0.2003312152428659 -0.2964893088997279 -0.3128920803721206 0.5104798023788818 -0.2371556746571381 0.1806763548093673 0.5836325692447404 0.2699494675371018 -0.1052803932127849
0.3175316177429454 -0.3767011899546359 -0.2718608833356514 -0.0104857275916590 0.2704972346695848 -0.2198998400438356 -0.1852683348825463 0.1200412165792272 0.7162350533490898
