-0.2266697433819129 -0.0697333897369027 -0.1222020860839212 0.3969265970715319 0.6798775933971039 0.2656599697564748 -0.0320259732247793 0.0315899810974034 0.4862526679451252
-0.4549671128828252 0.1338896047103068 -0.1125925241358222 0.5351758391067808 -0.5359943862917511 0.2578499598178642 0.3378303680644947 -0.0872755134942545 -0.0215705339303059
0.3219048925030180 0.3960819180659718 0.2243199036511857 -0.0198078184315672 0.1233399689243548 0.1799193515060359 0.2502265327644636 -0.7570106104288128 0.0743134075181825
-0.7188591254178791 -0.2128658801699360 0.1993965743071725 -0.4285437430322825 0.1690517736426422 0.1075681123762837 -0.0544568853423374 -0.3354669467753387 -0.2426271122803237
-0.2033442684234788 0.3319399427755571 -0.4341153385003152 0.1936717307852026 0.2136636791505857 -0.6880236854569192 -0.0637415039793772 -0.2185838089761490 -0.2272256500682531
0.1139252997581858 0.2598029408314763 -0.2802443841268905 0.0058552002388169 0.2834042372112334 0.5127717648612540 0.0169543620974011 0.2086984252113158 -0.6736890471262004
-0.1320938415114719 0.4924082973297117 0.1011843601859815 0.0089540626992606 -0.1986089983146035 0.1782013258602843 -0.7964580420150124 -0.0067932634752574 0.1554799919655344
0.0897820746957183 -0.2296634103349974 -0.7724930480162302 -0.3092034380558321 -0.2017196529472297 0.2254791801061284 -0.1087669329797134 -0.2946667260278883 0.2380151623182588
-0.2034873025245287 0.5496591237727316 -0.0912925775208109 -0.4886348784019484 0.0240570925130240 -0.0093946291051566 0.4107797722235325 0.3571741578966269 0.3352446616577489
