0.4929303017292293 0.2959598484211385 0.2271198204953510 -0.1936135125477259 0.0593699104487251 -0.7193821135576508 0.1051433435024710 -0.0574662577222979 -0.2120494650403825
-0.2221497683087704 0.4299423015296649 0.6186089262426409 -0.1534249886026639 0.3374806448291826 0.2622733414784053 -0.1410740918872298 -0.3766069010279552 0.1231572915124387
0.0728952834145185 0.5076004610426861 0.0033770863224829 0.1284732405873509 -0.6133932924084957 0.1837004771157788 -0.4522114195642628 0.1414496770231894 -0.2932761425133918
-0.1308393758920315 0.1974637826837350 -0.3248260763819568 -0.3941720480765921 0.3931631122335352 -0.1476226012942862 -0.5116374439229027 0.4429412387416289 0.2206038273145793
0.5522933984279893 -0.0775539278713607 -0.0477515618020701 0.4520521492130756 0.5095334037042183 0.2832657102431208 -0.2843389861182333 0.0022927247500656 -0.2482103248424984
-0.0981005380047616 -0.5393064290566139 0.2778687578459542 0.0886827040948649 -0.1609603878044683 -0.3343186768428874 -0.6389929670881936 -0.2503645935410291 0.0760100362693430
0.2784645152901238 -0.3473296439360770 0.1751243991481041 -0.7074611059374263 -0.0938557174061832 0.3749546326920127 -0.0191718238971295 0.0894161083651099 -0.3359868882003411
0.3808096057666505 -0.0427713251359368 0.4040636978336595 0.0989774945441206 -0.1828708344237686 0.1088035132260100 0.0558431805825849 0.4541996319193771 0.6522230665518335
0.3847419626525224 0.1075820988579238 -0.4321908300461451 -0.2111494142665746 -0.1548234168362480 0.1171586530503803 -0.1006391834376033 -0.6013981101208902 0.4466792506632923
