0.1011036529087216 0.1508519843689249 -0.0155728118658834 -0.3992837107236825 -0.6653048857824803 0.0947198514177667 0.0761509890401330 -0.5859135090770709 0.0815823603013945
-0.3815825578714056 0.0863583473194227 -0.1349212384210238 -0.3832426168666783 0.2036773801326400 0.0409047259133263 -0.7858568032433376 -0.1175602292850580 -0.0854947303847291
-0.1742090024876303 0.0270311305215920 0.2520140000496991 0.5772156786676764 0.1041989179795077 0.3324693089579126 -0.0693939355262716 -0.5495802851348448 -0.3794526077264196
-0.2499596246044812 0.1319600995244929 -0.4695147207753056 0.1881661252886669 0.1997127233834299 -0.6313595027489656 0.1875909914972599 -0.4076081695554918 0.1562733531292458
-0.2500696876270918 -0.3277784617327068 0.6313061901012755 -0.4069679732471813 0.2621497099879968 -0.2951595308151614 0.2639067437524268 -0.1879567595636078 -0.0709919890103402
-0.2807148871581289 -0.2130581910621276 -0.0073754117900912 0.1566151366795858 -0.5617533312693218 -0.4015519566327438 -0.1114439137233439 0.2740654811126841 -0.5356120318865387
0.0228239054285738 -0.8455687272866149 -0.1589272477706582 0.1652784069493648 -0.1082373551896704 0.0854057918683247 -0.1992312135095664 -0.1577303723868607 0.3851445880903724
0.6370631238228131 0.0896938149085331 0.3389357729838188 0.1683189187330429 0.0075089072805048 -0.4721035087423077 -0.4487649740923052 -0.1269781353502421 0.0494502147238647
-0.4512628518731352 0.2752776762179382 0.3985741926623037 0.2816269555080034 -0.2628333369284905 -0.0408080295642172 -0.1160802290361075 0.1525126028912382 0.6123132682529821
