-0.3764948613596204 -0.0033575711620424 0.4651854096329185 0.1536307199437761 -0.5247362799238365 -0.0919881447393006 0.1760655730379215 -0.5504223203778901 -0.0216028613768057
0.3067800466155400 -0.1189591376480912 0.3297871253556854 0.4552737216618744 0.2486727545427564 -0.4680938647220937 0.1330627939762325 0.1006763096900509 -0.5166329309736778
0.3589295256257619 0.4444150759119722 -0.0393810787453440 -0.2482191383467571 -0.5064907466667902 0.0449749335574591 -0.3262228178533501 0.0395869232196338 -0.4939201893481482
-0.2558557008294916 0.2730209231178805 0.0844907443756203 -0.1189410222595094 0.0577787043264190 -0.7118996587557811 -0.4699447950512689 0.1130268809507742 0.3081381089838599
-0.2305376781266700 0.6892411696940612 0.2871500438771358 0.3778790225996727 0.2180276472782254 0.3706639934555349 0.0354139266092323 0.2413646508520624 0.0459607837432688
0.1110915567001178 0.1465855998486931 0.3013707247238743 -0.4802086234478927 0.5694825078801507 0.0912149262042381 -0.0840239306288467 -0.5360136584271947 -0.1332123857225482
0.3875075733720588 0.2534832143523583 -0.4186384333378671 0.4718521741788445 0.0317710017858382 -0.0779949073509625 -0.0845588550277022 -0.5439464067000838 0.2784978151140836
0.4165894994924520 -0.2908967623128140 0.5266617985104014 0.1313527183794552 -0.1068082577025830 0.2570856379869397 -0.4648947727152267 0.0938073204858567 0.3804971533472696
0.4250261084231387 0.2614897163584258 0.2006070339468813 -0.2829714547059128 -0.1366698954415629 -0.2138089254759328 0.6264457301222226 0.1493730435836466 0.3892562565703210
