-0.3810658194239569 0.1453509387860252 -0.2347749320110760 -0.4587580167313292 0.4998465522220306 -0.0579466169556166 -0.1933280978750562 -0.0958645832097725 -0.5179899625647954
-0.3790578549614974 0.6100801583374913 0.0932881250003083 -0.3774716674921806 -0.2454155492370734 0.0261233378313825 0.1412156464268285 0.3144037394667066 0.3914422284275258
0.0085740392887269 0.0250102694637767 -0.7748196287914357 -0.0258260905328983 -0.3949922773116946 0.3708033267569136 0.2619270349721353 -0.1491192990622471 -0.1180346766290675
-0.1283670969435196 0.1890890889485363 0.4056248406794491 0.2746044393604382 0.0565011244045844 0.7405156585338958 0.1252296631692102 0.0720983984599137 -0.3679560166370238
0.2463120497670348 0.0042884383305746 0.2312115472395886 -0.3441604916950011 -0.6363182620226328 -0.0714177742587675 -0.3903325478734977 0.0515149132104146 -0.4498800357200852
-0.5793287565936097 -0.7085097145495183 0.1607463317759244 -0.2330997291894703 -0.2003221239585689 0.1403249608696881 0.0876750184040259 -0.0091765498628322 0.1209385932411922
0.1167229160347273 -0.0187551563797467 -0.1031284206839815 -0.1491739356634041 0.1306050548888088 0.4813880907744125 -0.6930312059146569 -0.1549881904787905 0.4472470289292967
-0.1950449265606453 0.2386172692025333 0.2128031305427495 0.0639350606915732 -0.1635332981168999 -0.1124710398423359 0.0471014363729427 -0.9001635783650707 0.0611598200392816
0.4965824821214214 -0.1048844339834373 0.1899533685368244 -0.6098025536170232 0.2046525160932000 0.2023002502970683 0.4645825471625221 -0.1657459608216934 0.0913616280038606
