0.0678710886926567 0.1631931322877886 -0.2825033494971844 0.2710739676258382 -0.2423309547873529 -0.5843455924823445 -0.0072899403333059 -0.6186016183024338 -0.1804635974208831
0.4299182148238189 -0.2096203874890859 0.2426853402636789 0.5602320425709062 0.4155344779263492 0.1397377997414796 0.3809178456386941 -0.2105843829224147 0.1297449934702975
0.2812435609214333 -0.1382146492317431 -0.6945320458485756 -0.1239757517212156 0.0524194275263647 -0.0937122502947498 0.0853082796756131 0.1484118850875263 0.6026778973868112
0.6270508361327338 -0.1292098607265166 0.2505977711508887 -0.6367456562528915 0.0465524108745793 -0.0659610846634615 -0.1586486728314677 -0.2879033294526441 -0.0853936003704974
0.1035342157948472 0.0143994690070630 -0.4632489919293533 0.1409081828738939 0.3346184833233916 0.4567680371101527 -0.5012924330831078 -0.1515925270072187 -0.3996718780571776
-0.2166086980118563 -0.1457878758119454 -0.0492256891460739 -0.1258671460048140 -0.4025568213298721 0.5867067269199244 0.2225947627018141 -0.5573521332650525 0.2170121048394851
0.2337507789976317 -0.1830284081768875 -0.2791677069774685 -0.0584681444393286 -0.2954059255068655 0.0825986595611377 0.5504651283606525 0.2837438400191934 -0.5940525388458398
0.4643911445511730 0.6006397561546553 0.0957194922481040 0.2501721889017760 -0.4625047446825478 0.2474967059529993 -0.1538693362666720 0.1842891231339227 0.1379162464422409
0.1016657686424113 -0.6913030110140359 0.1095538712999869 0.3002359777280986 -0.4341601769008820 -0.0702975402638454 -0.4414423922083152 0.1413403636750622 0.0365409084994166
