0.3977234499829684 0.3254454862449641 -0.1786781322742645 0.1171364036427743 0.2377520310800443 0.1781291766617928 0.3698234866731583 -0.6820002372735673 -0.0102329862627369
-0.4320667894380678 -0.0561930003616265 -0.5109472926084601 -0.1864986455126347 0.2944118933341575 0.5522987809364190 -0.3323130351173384 -0.1101893384120304 -0.0050799216569168
-0.3934153432536084 0.3283506681959346 0.4699646754302192 -0.1494350742414208 0.0261372442970822 0.2923701906995466 0.3099589911754321 0.0236459145584147 0.5580460369783387
-0.4295187291204379 -0.6367878543107002 0.2066658744912454 0.1378626841851371 -0.0874236169021326 -0.0976862516056803 0.2074395988940279 -0.5267805853699477 -0.1028762446346982
0.4884920849343026 -0.4236932612686893 0.2503880871944745 -0.4685215775263157 -0.1552902354180802 0.5218501461886439 0.0324333561733295 0.0367988912351941 -0.0283571369018072
0.0119552490030348 0.1979028953284986 0.4414298981907090 0.5385398995369450 -0.1425667835879568 0.3992063601699729 -0.4525576096572164 -0.1083503339123971 -0.2820757822493724
0.0399831744988549 -0.2565169927708510 -0.0231032100453379 0.4657099784415820 0.4673519815137869 0.2560657464761415 0.4529366929902876 0.4639251411792279 -0.1039957221425223
-0.0061081600560273 -0.0317044891492688 -0.4300745470289528 0.3178413855512803 -0.7336680784050148 0.2467282612642369 0.2271391935545570 0.0768613919375268 0.2373324301081256
-0.2747161570444546 0.3035242521685514 0.0194161234410545 -0.2875999559615624 -0.2175833071603286 0.1003759250684941 0.3887012969354388 0.1022199012780807 -0.7282567627841864
