-0.4004960268091104 0.1348805453370578 0.8351593968839790 -0.0962651322695792 0.0433436701026612 0.1930540102984049 -0.1181634703011642 -0.1999395571980053 -0.1468503327500166
-0.0132502924004016 0.0526634989479051 0.2034417417981550 0.2370536698913265 0.6292403240978864 -0.6728476310133443 0.0511772244202944 0.2117556761664318 0.0578023026868786
-0.6857343669367160 -0.2746474925727820 -0.2712650579430626 -0.0921482977147370 -0.0684885068532064 -0.1463144867822269 -0.5300383381183533 0.2553792606538407 0.0018113895527105
-0.0686760492693128 -0.7413274266656393 0.1152743416195112 -0.1397628548763897 0.1722212627154853 0.1934991202832506 0.4888939708829335 0.2634643304950843 -0.1932940149110558
-0.1480299658857190 0.3114386984637210 -0.2300216546670421 -0.4310855106012523 0.0221634101489217 -0.2466609967722887 0.2398385084288490 -0.0949305081612367 -0.7172734566744656
0.2103533142671602 -0.3600641707737176 0.0310790119784797 0.5285167590166894 -0.1146225072537667 -0.1237097839242282 -0.3130938132552386 -0.3462418943226121 -0.5472255398501212
0.4328477507544793 -0.2723271251181091 0.1009990487813326 -0.6554696930244690 0.1999858174257684 -0.1319772926734942 -0.4413296695655932 -0.1983949854210562 0.0842297740196071
-0.2954397191800201 -0.2211179496757869 -0.0861307377231328 -0.0513868060909627 -0.1345933811044644 -0.3480192718078014 0.3266333542915449 -0.7011139716767738 0.3409987912561517
-0.1538705621436197 0.0658841023712574 -0.3205497707955343 0.0952250660256194 0.7043350485115513 0.4862871565817468 -0.0803047940497293 -0.3474695160427391 -0.0204005553653190
