0.0092671053802792 0.2764051688148623 -0.3151889850861283 0.4464630338105183 -0.4933262271797998 0.3737092952531438 0.3013143394989477 -0.3209278650960173 0.2191495766971764
-0.4932672072756661 0.3919961286022982 -0.2996506441615457 -0.3769012995380851 0.3486948370064610 0.4004307616801800 -0.1596452732140371 -0.2158070964887182 -0.1311075849756285
-0.4809323775039893 -0.4668506680722909 0.0692086295417168 -0.0529775171661909 0.0959699249302641 0.1423043765033178 0.1950705314870501 0.1087488987772878 0.6810421814819179
0.3563712180836565 -0.2729420968436850 -0.5818258163749865 -0.2479714448259057 0.3062012114953698 -0.1981710546105223 0.4338321758997438 -0.2770158667764522 0.0226263683383607
-0.4139304910768524 -0.3534653308330127 -0.2985141319427236 0.4519363903052682 0.0576402783150531 0.0050150226614328 0.1388385543370607 0.2699126435036132 -0.5611506831273283
0.1775765800444143 -0.0822576273592836 -0.5233214021779843 -0.2579448443689479 -0.3492806177389366 0.1660263207790444 -0.3736769127641448 0.5604414071542601 0.1341965466820581
-0.0815427694620257 -0.3695309910915206 0.2214462813771957 -0.5073928549754952 -0.5258657801598740 0.2293084718758552 0.1795721757426786 -0.2451276112764484 -0.3589717989301671
0.2131598954584067 -0.4574174434576389 -0.0258967260217783 0.2557676952670422 0.1616857986529210 0.3199231777260166 -0.5993487713651133 -0.4374956387076131 0.0113958883190020
-0.3786118443307039 0.0020868608467849 -0.2342417708885435 -0.0259431731288798 -0.3226069868550808 -0.6767208883432753 -0.3272376676224862 -0.3513276297196168 0.0925442471473987
