-0.2642042670991548 0.6708480494885758 0.2173334166265453 0.0068406205753757 0.0247560145997164 -0.1372811953241025 -0.4990017889943985 -0.0733704832452865 -0.3987899090897538
0.1127985364933862 -0.0107123008436169 0.1454970216612675 0.2863197500315004 0.4413325523594707 0.2561407263545396 0.4632042456724927 -0.1566690184067667 -0.6201028190534758
-0.2638856416729962 0.0613257309867849 0.3922453782126016 -0.0658827350362533 0.2118760158498132 0.6631324080148623 -0.0654181231177477 0.4520033615198685 0.2741969092153914
0.5234868563172405 0.0075430978431393 -0.4730632033681649 0.1060356853868543 0.3669295568200761 0.2581552090333557 -0.5249812200408177 0.1164297367613441 -0.0207286122188063
0.0005418532786249 0.4842875084412205 -0.2456065670541989 0.5169410647193191 -0.2806713268715161 0.3240114950354260 0.2167021848967591 -0.2980408451448029 0.3440445326305292
-0.1768577722419462 0.3904463328254341 -0.3240520856048959 -0.2425270093960678 0.5770343028928104 -0.3131179133037053 0.3471240015575158 0.1635228629747229 0.2723924954727872
0.3399028799538824 0.3065309262623523 -0.1318953342700137 -0.1820490630776976 -0.4386998134607361 0.0392788035733277 0.2859042354870782 0.6137040234664197 -0.2959600848850650
-0.5952301387507953 -0.2547627058388697 -0.4540972461277187 0.4173938267760313 -0.0615991102818573 -0.0455453092675130 -0.0786344783312943 0.3668795690438335 -0.2317807263704960
-0.2696045691524482 -0.0135063988997685 -0.4062247450451881 -0.6074398921891564 -0.1307173096710432 0.4500151364666812 0.0342739944470425 -0.3541290015538084 -0.2166713936759220
