-0.1406194634391448 -0.0957293553605002 0.2139257840265815 0.3122115515389852 -0.3330388077296949 0.2416580907371328 -0.5829442289091333 -0.5277070218575828 -0.2005233348754839
0.3097967015818134 -0.5401463317346144 -0.5409870347558810 0.4011353997545650 -0.2480490838923668 -0.2672414128736015 0.0740797438396520 0.0379111607008095 -0.1371859248060861
0.0447990031476256 0.4729257607359026 -0.5006880764140642 -0.2626389324633681 -0.1056789220354643 -0.4365905189774087 -0.3858139771054172 -0.2435036932491973 0.2115200370205931
0.1367986158556261 -0.0086251763725675 0.0699116227538602 -0.5010777503299637 -0.2455954879736212 -0.1258183739614369 0.3624790422293211 -0.3720167242293944 -0.6158817192120213
0.1588257355846230 0.3876589534873273 0.1602145979351349 0.4474161651680740 -0.2820315967638978 -0.0631502153992745 0.5320768653480399 -0.3481673613152794 0.3328496745527652
-0.1817990947406556 0.2468264753180031 -0.3706732551577450 -0.0794551420144140 -0.5667238882220230 0.5553812488329921 0.0874762722978459 0.3472054446896279 -0.0669774773917939
-0.8074603337860190 -0.0508348672656511 0.0723804323215060 0.1335537897060628 -0.1975824857521495 -0.4893389508801824 0.1294959028358086 0.1290947335087342 -0.1020881839827027
-0.2909046130401622 -0.4610369326447069 -0.2087647928836201 -0.3370323131716749 0.0072094559894746 0.2315074501972211 0.1938801724380655 -0.4321695524619090 0.5173376217594251
0.2619869243868568 -0.2213654260982454 0.4405718523507964 -0.2891962622773543 -0.5623726738242334 -0.2413654083205303 -0.1712545987096515 0.2778298879565779 0.3515455810567539
