-0.6764488426206488 -0.3404981921374718 0.0466265466510815 -0.0272048858199207 -0.0934805029106712 0.1620756589042017 -0.5249909643174205 -0.0331724692182210 0.3344260080205865
-0.0754075334475668 0.1505740352159260 0.6285210182417983 0.4901919426572298 -0.2930535403213198 -0.3407428123746291 0.1805818853713563 -0.0094335932182654 0.3187938222664584
0.2948395210054113 -0.0813236005345658 -0.1689834368269915 0.3699248485827934 -0.4432274071301222 -0.1002598669708355 -0.5188097332701811 -0.3693256956220838 -0.3591500371566409
0.0894174885353997 0.6096431894781631 0.0920423725565372 -0.1723665666469460 0.0052368081420851 -0.1238657460679227 -0.5535408700114434 0.5099625356758221 0.0178390820672326
0.4052293867159959 -0.3690170570132356 0.4159376449411359 -0.3757660292538579 -0.4325952156666112 0.3720412215263723 -0.0200978057667739 0.2393850911199396 0.0463560974960204
-0.0102285678769888 0.2162718916614657 0.5424873300975245 -0.2980743259897129 0.3394356373310251 0.1204097722849089 -0.1726074816304017 -0.6101772256672678 -0.1953365904176124
-0.3444526142403392 -0.1907785895814914 0.2820877789359976 0.1687526175805267 0.0806138814699089 -0.0104007019327366 0.0555444418650267 0.3782631391686758 -0.7642839821511325
0.2673833490288485 -0.5043731357778076 0.0977042018687310 -0.1281601287772766 0.3892773077402735 -0.6568709522455276 -0.2222680949478165 0.0871642995767008 0.0901430170277980
0.2955467789706671 -0.0968206835459892 0.0966635434102220 0.5634414339936997 0.4985102474120052 0.4977250710489130 -0.1830794373670407 0.1484764332052896 0.1570405100056453
