0.2170016003633973 0.0032608017771151 0.4041832161145621 -0.5837558025019211 -0.1043930384819253 -0.2342342539350492 0.2817380734014928 -0.5501589241335657 -0.0308218665939842
0.4028935541129814 0.0869624695870106 -0.1150884751698041 0.2432418422051388 -0.6443202210235229 0.3887686413148951 0.1341872039648666 -0.1788290482666408 0.3760674462377541
0.2030758258216702 0.7045173390929777 0.1167309387766121 0.2823845432180092 0.4501300602205499 0.0396615304321089 -0.1951504259037967 -0.3380873313869824 0.1116760721144261
-0.1357326663887053 -0.4641287802708762 0.0399557695446681 0.4694858992675807 0.2946454316980769 -0.2285436909483655 0.3393873306430335 -0.3335734711825181 0.4226635488159352
-0.8409313300567326 0.2926892517482809 -0.0778673572049610 -0.0881574642455778 -0.2236786052010377 0.1936342597157259 0.0968394956693187 -0.2902176953558887 0.1104621774194270
0.0687576964746291 0.0708900502537405 -0.0479469161714447 0.0330336078055816 0.2779802104293012 0.4899817576362953 0.7230669844144220 0.0870832398520758 -0.3729509071118463
0.0699885775037364 -0.3771719029777630 -0.3789176185332533 -0.2143173496265140 0.2531312958998848 0.4666290605170693 -0.3918997710535782 -0.4676020098179610 -0.0963185517782049
-0.0242844654801427 -0.0653674800722487 0.0488717812091766 0.4786361061418613 -0.3049145770985789 -0.1922505162269934 -0.0873580840577172 -0.3471174537888754 -0.7110564410033068
-0.1163730329400199 -0.2084292233251105 0.8086029621420497 0.1265587736429855 0.0129258135468031 0.4559700776197318 -0.2364939451295404 0.0939098381408134 0.0182885312302576
