-0.1467313203606409 -0.2147736904402873 -0.1740143758782739 -0.5143328150101821 -0.3510271873664767 -0.1754068065663325 -0.4187023807343164 -0.4342119873184966 0.3459531272981909
-0.1784617193193933 0.7744403106712164 0.1403981036514429 0.0985081620259403 -0.2967143108482081 -0.3446254675429084 0.0393536332415447 -0.3067890338049158 -0.1910597278256907
0.4706924474503762 -0.0768973989855513 0.0117141902989521 -0.0397277117918328 -0.7283416845874954 0.3687389104061475 0.2648025361398269 -0.0383943009710748 -0.1810397678838863
-0.6677465059763883 -0.3195028951036670 0.4043531255180988 0.2241852489297823 -0.1468335778354910 0.3216494798004151 0.1277514246739944 -0.2825385823532767 -0.1307863271234943
0.0449015881588244 -0.1737667791618166 -0.3484873397175343 -0.1887030957293570 0.2743381461381224 -0.1803608601243168 0.6146792452868408 -0.5103230170280940 -0.2543325676608393
-0.0183685300264357 0.0456693380972187 0.3416792300520801 -0.1262563361400766 -0.0722915987529242 -0.1769646137123610 0.5605535427245433 0.1451019564684536 0.7021923868921561
0.0801759274878617 -0.1474097327605790 -0.3702177866746044 0.7806011978134764 -0.1548927863085474 -0.1674598595250495 -0.0376206773321249 -0.2224253189773597 0.3500283332148353
-0.2959814282558280 -0.2968687387123770 -0.1755356822570918 -0.0204741736922214 -0.3547732447633851 -0.5604151707117889 0.1250516860085647 0.5042249925712037 -0.2884822221528418
-0.4275486139573768 0.3224560401543587 -0.6166900271611877 -0.1123104533268237 -0.0797213788930534 0.4528625453053294 0.1661165551106732 0.2254733705018654 0.1744451875639276
