-0.2388628851655928 0.1947524737359024 -0.2815798337069470 0.5678224179664390 0.3634880390386973 -0.2075847817200017 -0.2546700521546612 -0.0563459201982554 0.5099605873545974
0.2691237317538070 0.0974095346040955 0.1422315697368558 0.0695113487387771 -0.0055364692696075 -0.4042327651692182 -0.5561157658621406 0.5828435177404696 -0.2839296750975118
0.1308361087812115 -0.0374223705335572 0.2183373104315788 0.0474407791353379 -0.5208430743446050 -0.1389812499919719 0.2900674647745943 0.3762510140279821 0.6444085773414726
-0.3686509500361772 0.1016619391154207 0.5867935001779100 0.1593530749589520 -0.2316219627236856 -0.4665986300284901 -0.0274005318681240 -0.4347185716238303 -0.1514835700696441
0.4285564803781434 0.0743186751296392 -0.2626272840551321 -0.4812188612605873 0.0438884092997719 -0.5289650403886664 -0.0724803382032617 -0.4099159461551626 0.2350674501652068
-0.4379802092162217 0.2282774750776429 -0.5403080289674378 -0.1480978966717427 -0.6114627249779051 -0.0056962845171700 -0.2367263223424866 0.0255298739948089 -0.1076417191014892
-0.3332334724925730 0.6088873018401052 0.2253128521591198 -0.5042875898562685 0.3358138555153981 0.0458922973281830 0.0948381531097908 0.2570022558901378 0.1523757477724915
0.4781851001004316 0.6735316946878501 0.0990421917616178 0.2735109495429254 -0.2234127119460689 0.3427185018829112 -0.0689899733100869 -0.2426263425390789 -0.0456081256011906
-0.0479840711797541 -0.2425380623094905 0.2949645593089876 -0.2499661012877025 -0.0665019499836955 0.3963279254235086 -0.6825993359279138 -0.1815845533854550 0.3591274661499649
