0.3925508485037877 -0.0460658798773548 -0.7151839265686169 -0.1212686241464782 -0.1419552359881249 0.1391385589258818 -0.3176910620434590 -0.1918397229739539 0.3746287765350634
-0.1860508604109357 0.0310651371254024 -0.1414536736660977 0.1154488208027717 0.6495851887773264 0.1826204703684513 -0.3142792828671468 -0.4883523738532373 -0.3721717348393031
0.0867805713918252 0.0622718275001635 -0.2359733454455720 0.6712925313468821 0.3674958868734712 -0.2592294838255977 -0.0420524787816092 0.5076412628999746 0.1433633656205622
-0.0009978655432042 -0.0677889237421514 -0.3729322693974026 0.1468229003528125 -0.4464002223728843 -0.0816480300479139 -0.0469617972943870 0.1386528646192316 -0.7793578368367294
-0.3564986093813627 0.7544410715184429 -0.3146141045303879 0.0251969214597222 -0.0707300072748522 0.1997400588901088 0.3884267340854221 -0.0477659129061190 0.0778123142709798
0.2198619299545571 -0.3507127266765627 -0.2830486102818453 -0.2358477895735901 0.3630135753590316 0.0670634393597879 0.7329833465592918 0.0541333447209716 -0.1282546425548259
0.4715585070789556 0.2545072313004602 0.1333036613262920 0.2442362053444128 -0.0777003376826481 -0.5222217854228346 0.2279954225988282 -0.5494682541083075 -0.0527943448500599
0.0398531604806220 0.3137702477699318 -0.0953850402215514 -0.6188699712840555 0.2649500600365622 -0.5416360144540461 -0.2228294963055836 0.2786812752762544 -0.1302968375612624
0.6359015793655153 0.3647373398317470 0.2603347642797359 -0.0294012551907596 0.1026836962705303 0.5127817642810438 -0.0809462095843287 0.2509872388519361 -0.2256574147285637
