-0.1338956207893096 0.6906407346011574 0.2683221003960564 -0.0281147229183579 0.0116861071222636 -0.1508886438597176 0.0786337488489787 -0.2798922955560554 0.5699765255886529
0.4114765624377941 -0.0513117009323999 0.4839753204809466 -0.0936189960497952 -0.5801245037085513 0.3221123554978404 0.3756111798437092 0.0605867959552521 0.0014808850823423
0.6206758564575119 0.2601932057700431 0.1904417945664178 -0.3200789636232103 0.5693750843778019 -0.0845385737506233 -0.0309723080707120 0.0888362284896293 -0.2610678844449244
-0.3817986775846567 0.0201646866655281 0.3276606144970647 -0.5906907913505211 -0.1809022833146832 0.0136723057265016 -0.3944450712223863 -0.2705154951921393 -0.3686027001045463
-0.3986850374170058 0.2984973075967652 -0.1398797049268880 -0.1448533089707224 0.2475723279165954 0.5871578253222020 0.4688727863981902 0.2012898371575440 -0.2121205496226837
-0.1887024315709688 0.2485764144069158 0.1301035724570596 0.1835370826803746 -0.1839148125703156 -0.6358942947004829 0.3363427418158301 0.2824864894983797 -0.4699756261745774
0.1357469111833038 -0.0697252471154338 -0.3065596917262978 -0.0462289893675209 -0.0080887318545182 -0.1043932255205936 0.4316743244779485 -0.7968263683665859 -0.2199018988418142
0.0249599500287534 -0.1257098157224313 -0.3831457845059583 -0.6937181985095938 -0.1507416555323884 -0.2867259285360109 0.2427159426177724 0.2807845876496333 0.3359205169792713
0.2610395804488694 0.5298300877107628 -0.5223684293691664 0.0320701068521740 -0.4341660766919315 0.1546511419129760 -0.3434601811392285 0.0532031308763192 -0.2098297424868037
