-0.3364090353190540 0.6606304140572566 0.2320928401055671 0.2112405290228996 0.4128598869538884 0.0522872104646936 0.1738030574136307 -0.0651469074721907 0.3798261556223131
-0.3334367860383538 0.3692162507441008 -0.2270976610730391 0.1057159484542291 -0.3466084705547868 0.2835619742248591 -0.2463540221084840 -0.4419698938410360 -0.4828846074611907
-0.0066010882001822 -0.0794290084279105 -0.0237896376030145 0.0381155342689258 0.3458900718040923 0.4468525916986560 0.5747690951010119 0.2384139686788252 -0.5339576798024112
-0.2561085874445190 0.1968534599946872 0.0518866074045711 -0.3765535675571858 0.1439075178620708 -0.7135819787556575 0.0474422281939850 0.1337834469304648 -0.4484583678187133
-0.0041919210008332 -0.2955469786846582 -0.3024107474180351 -0.0172418034334750 0.7055626755751271 -0.0461645110383331 -0.2553131348238835 -0.5050659885164508 -0.0256626272092634
-0.7804631836068996 -0.3758256255839008 -0.1973173477695474 -0.2635964534161753 -0.1165962576143898 0.1247641475510991 0.1501361588251418 0.0888449136389559 0.2856921901875223
0.0307850646292524 -0.1342253858157970 -0.1278473904353275 0.3810717071495818 -0.2272566325973149 -0.3853132303427317 0.6333866649006916 -0.4635320745257711 0.0576429565735988
-0.3087373798897435 -0.2894850930981081 0.2590492932127992 0.7254757302120659 0.0682599356998124 -0.1615773399478748 -0.2944397979838616 0.2614225060274431 -0.2040952297120048
0.0678737403636947 0.2275424649130483 -0.8230817162236880 0.2442235508546363 0.0366277774183077 -0.1253451172863628 -0.0298795986290985 0.4236631681462568 0.0952505364418573
