-0.4881421099226195 0.3109536616300888 -0.0443841179056682 -0.4965404237133511 0.0168714771723175 -0.0555541511286554 0.2464718926975868 -0.0692502584988091 -0.5895658198146756
-0.3159664132350617 -0.1673950016100443 0.1161381723332256 -0.1528551621595543 0.1581949565854792 -0.4683727370365783 -0.1056385448967305 0.7313180534359853 0.2119129560317238
0.6592366342036258 0.2706187060063299 -0.0803864532877326 -0.1966281505632184 -0.4108702090199882 -0.4157211752373662 0.1976279580684584 0.2120062694966410 -0.1463081416059444
0.0826261601342973 -0.8191028052249825 0.2216208192476740 -0.0624037369228911 -0.2033454126442697 0.0773170021637133 0.3090381904086312 0.0404687122693332 -0.3532193408595334
-0.3388896472564593 0.1111140044509322 -0.3125319443307512 0.4520482572005263 -0.6069769529108257 0.2428088823194750 0.1590799425425806 0.3421698906964752 -0.0319343860962753
0.2365474567875227 0.1270083872416125 0.1280655700758768 -0.3817535523780441 0.0877360379394692 0.7344553866077970 -0.0224044637270676 0.4641164374570684 0.0524332955502609
-0.0485852106494465 0.0681888448252300 0.4825906552752273 0.0214933485917484 -0.3847451084815631 -0.0106340850339283 -0.7261861358545655 -0.0222019373228008 -0.2892281832076872
-0.2166998252906880 0.0307455305749262 0.3488692243101011 -0.3709372401984522 -0.4478343313057903 -0.0040453718819001 0.2437680147764016 -0.2645634918309767 0.6023313761247047
-0.0185001272396120 -0.3115291086930200 -0.6784421293764994 -0.4465268740544834 -0.1995570167910010 0.0151123816886896 -0.4253858882839891 -0.1040329879897024 0.1054039088042320
