0.0407863254073526 0.1436003655695089 0.0190078797325627 -0.1255134840933242 0.0207614032468225 -0.7536137081909267 0.2579799183526958 0.5083665042455705 0.2612387385835334
0.3675879778780537 -0.1368030751575771 0.4713677884287187 0.3535124802894589 0.0215790584313256 -0.3680198649100703 -0.3600304627169578 -0.4134440720747767 0.2500862249489140
-0.0176536943654144 0.2704642091367253 0.3222293294772011 -0.7858017088854254 0.0465719461094105 -0.0991546401523646 0.0712640660750587 -0.4270442008648577 -0.0759966233111690
-0.4267951417301836 -0.7811962114273465 -0.0738426107740522 -0.1821573013757679 -0.1279622270401388 -0.1425715583419834 0.1414707064049526 -0.2024012968091179 0.2669515801016728
-0.1256822336492519 0.1721246086960117 -0.1351059747177341 -0.1544499480791494 -0.7604759779585061 -0.0390011778747376 -0.5481902363510255 0.1053039167489775 0.1449911353127047
-0.2547628457176573 -0.2464689963701462 0.3680530442144475 -0.1444205739735325 0.3142455434934915 -0.0487771216144040 -0.5249624985769197 0.4268713176124735 -0.3988663495670324
0.3396489022970460 -0.1019574071317314 -0.5945450398221270 -0.3018591016077601 0.4331632237342705 -0.0280012814077981 -0.4146369965881179 -0.0336993458984653 0.2610874445255918
0.0667837294714295 0.0053697654137460 0.3939772130981876 -0.1372238843446238 0.0743490817444265 0.5037777534660675 0.0300178119743808 0.3265841799508243 0.6742288585848342
0.6929850167811194 -0.4200564844437636 0.0758163572125215 -0.2322676971772577 -0.3321564264761096 0.0894039698787986 0.1726523432804306 0.2149268549856580 -0.2988386974722261
