-0.1863106394132561 0.3608143942653352 0.1687182550759424 0.6029718983292125 0.2816226434478606 -0.3102771944519349 -0.4321053632228323 -0.0198423519398077 0.2834931113903730
-0.3324270385710906 -0.1387381889997111 0.3139898877365571 0.1523411302175534 0.1938489585871367 0.7526397689076964 -0.2396358686306111 0.0911529192030881 -0.2804786349845880
-0.4127114573487050 -0.2428757117461911 -0.0246339367195031 -0.0434595897869650 -0.6098924216259429 -0.0395352848660568 -0.3388537681605038 -0.5055553763016573 0.1557085592504716
-0.6886634698851240 -0.1291451017851666 -0.2573318178288666 0.1569100699143901 0.2093216025712222 -0.2838188881681317 0.4405082770690117 0.0004010628731159 -0.3159229903335878
0.4063283968718615 -0.5565985292233938 -0.0327241325601022 0.4812401768776970 0.2156538623503813 0.0047737341903447 0.1250103162088397 -0.4731167334833060 -0.0802242788905230
0.1532054861792414 0.2029718019916480 0.4636169072180318 0.0831917008383881 -0.2883516480580355 -0.3058855036102834 -0.0414664436649445 -0.0767879224823268 -0.7274204874816059
-0.0745711660513310 0.1966955696657634 0.4884684540072639 0.2183995299317257 -0.2494392185026620 0.1793124984691269 0.6506768776200647 -0.1103809247409630 0.3735143442793517
0.0430989184818281 -0.3832078641118262 -0.0601228640135273 0.4091775520797549 -0.4425217972186046 -0.0717383791560118 -0.0300877276441337 0.6901772848923609 0.0450699036129981
-0.1191613410747570 -0.4882220086723156 0.5898222703918904 -0.3647875726423175 0.2821847668942377 -0.3525012678317088 -0.0731947514771288 0.1320854472006170 0.1994746543814857
