-0.1807550198313414 0.1709156291555692 -0.3560520213440693 0.0342141407725420 0.4547229617366666 0.3840623976041332 -0.2741315558671530 0.0613970850113973 -0.6139847001596075
0.2812649338849086 0.4627226844447048 -0.5930673272239490 0.0585559028347274 -0.0181289531691473 0.0204815374396395 -0.2189781034389679 -0.3019664871079967 0.4601486547287558
0.0205670744575734 0.1048861191965335 0.4674442823479469 -0.3343962033910113 0.5363184895166403 0.3839236025318466 0.0343350268474959 -0.3449922451452783 0.3209634269641921
0.2204230546054884 0.1163757655502694 -0.1348127276435428 0.0283362596372712 0.5326149012248849 -0.5598434311996106 0.5433666551237308 -0.0475326704153850 -0.1558299262809825
-0.2412899497297144 -0.1558101708817183 -0.1771262313708171 -0.4217364816563528 0.3004030182745928 -0.2904926942939222 -0.3358244474271790 0.5448894830423982 0.3520744267383320
-0.7164795027636823 0.5829473476312268 0.1474639675274822 -0.0529402687118487 -0.1445935555643994 -0.2694992118193826 0.0471360039204169 -0.1604292055239169 -0.0280136378635662
0.2310690088340913 0.0178161567339375 -0.0831751242019396 -0.8027286851978075 -0.2902178769153894 -0.1305168831484426 -0.0510119621002739 -0.2503624585172342 -0.3584042418974431
0.4272190344644808 0.6041770910472188 0.3423481497889683 -0.0153969381298756 -0.0725078179718399 0.0662937577317155 -0.0540494960042239 0.5608221153742015 -0.0889920152874364
0.1781449529055976 -0.0517624956469626 0.3279935888599853 0.2397959436844512 0.1447381928679065 -0.4613125097175498 -0.6781967514461944 -0.2896942357136684 -0.1512321754238231
