-0.5482496715844938 0.1982448395744987 0.1881868559418728 0.3116696932230066 -0.6557593560726767 -0.2123365181736435 0.0967918559116207 -0.1362255745024224 -0.1566390443672220
0.0874002554586799 0.1265251705316689 -0.0196505883076493 -0.0098945544823563 0.0208658040455934 0.4201358350611793 0.5315049774735047 -0.7114602101097421 0.1012218129106368
-0.0119416168000906 0.3226332731958676 0.8444781897436300 0.1364245273106515 0.2924006312373599 0.1627525709408262 -0.1586710403138555 0.0394613554398214 0.1590279161255125
0.2385140315766078 0.4360175853349544 -0.1361402697785641 0.0682397294232119 -0.3097002897833735 0.4798667646997661 0.2619559530150430 0.5787601097097158 -0.0061903978925008
0.2507645594031638 0.2989329897784117 0.1260773007128882 -0.6240147873054801 -0.3053353629070433 -0.4365598651521367 0.0835469502755322 -0.0604394849126077 0.3847324250676752
-0.2261680279165653 0.6055120231377540 -0.2160899741805936 -0.3302050996757199 0.2682487554148700 0.0171362024769221 -0.2373085047094004 -0.1437496543091751 -0.5265383124259410
0.6554546753987951 0.2013075066178021 0.0180623999194661 0.4655998658024118 -0.0075428510700583 -0.4129881033333490 0.0380574207470990 -0.1549222285507466 -0.3415840140886502
-0.2358873794051178 0.3812605553120927 -0.3730063234801823 0.3841686157768671 0.3382475278097393 -0.2570116206116020 0.0785407978866064 0.0415803231850059 0.5691347354438556
-0.1882907834001440 -0.0927185812543107 0.1745612937576564 -0.1292175095847744 0.3293577435098486 -0.3068326254080688 0.7371729320053962 0.2978250904338464 -0.2720928814155946
