-0.7230807987531234 0.3179166976127977 -0.0346657040148069 0.2343158878035892 -0.3868585717730761 -0.1569732485489570 -0.1678179426288594 0.3397643450954087 0.0455484155693696
0.1024416672865555 -0.1031463155981857 0.2156660826486907 -0.1476847909706091 -0.6347503267068753 -0.3396535602922888 0.5710091640678918 -0.1294191889853843 -0.2224198181191271
0.0346972464427937 0.2754358919012139 0.1935621576638940 -0.1900412877412284 0.0854324169481330 0.5711164574456555 0.3754866761748336 0.5496784276615476 -0.2697032572362689
0.3713992962510240 0.5293872607865190 0.2331741101579838 0.6356262967371463 0.1707822377329714 -0.2741426638841304 0.1372631131874672 0.0155267375495420 0.0042096795636457
-0.0828983658382130 -0.4828169135354908 0.1143564291149531 0.6634126512624848 -0.1959672578823289 0.4837713301360032 0.0485210851705148 -0.1296172308816025 -0.1234064906694870
0.3631205607956214 0.1816665213718644 0.3948878998240472 -0.1469582089337956 -0.4983406407365604 0.2438324443850244 -0.5698058899816522 -0.0129443456446337 0.1579987381379734
0.2638421996342443 -0.4803871750824946 0.0345816774596133 0.0945626313712173 -0.0090316058145985 -0.3151211166067415 -0.0655621647950923 0.7303996216373806 0.2287194335095671
-0.2643141867896013 -0.1859779421636721 0.7096111620603993 -0.0904370534493277 0.3318488468004164 -0.2334221400183499 -0.2166244564668474 -0.0352694088645565 -0.4135743159557736
-0.2220701482288223 -0.0264476575249547 0.4320789455512212 -0.0656869406508410 0.1183866977431552 0.1067261716517402 0.3281717018566367 -0.1171652200680003 0.7823989651739826
