-0.2916103535635452 0.1827973393611237 -0.6019759540568956 -0.2731134293237633 -0.1953176081585580 -0.3472816207241626 -0.1310169661724193 0.4999737178317780 -0.1367109497450962
-0.5581137655338205 -0.3490014534691126 0.0895276109328485 0.0266385772817568 0.1693625216082348 -0.0540272629031049 0.6838217353598720 0.0686818865783217 -0.2324870472140795
0.4465812749239338 -0.1302051626056220 -0.2243107079901881 0.3310420748439066 0.3364321811583206 0.1757504694892693 0.2605138579488145 0.6016302160221860 0.2231734850362342
0.1075259961498392 -0.2747035997376537 -0.7092617229976568 0.0190445817711429 -0.1922830045166796 0.2142120138006826 0.2056195129050237 -0.5127181821285856 0.1467731091980778
-0.4814233182390434 0.2140659014227518 -0.0106108916658809 0.1667909277014598 0.1316824312009239 -0.0365412652404102 -0.0413505623858308 -0.0412809323847653 0.8199915016497301
0.0757652388159332 0.5846430081106400 -0.1987845744197662 0.3465678531304782 0.4229787501271941 -0.3326380693865727 0.1810584461286824 -0.3119271257520556 -0.2705324321498805
0.1815150594676902 0.1349217795482940 0.1676584494621879 0.3496045476315905 -0.7256343005083942 -0.3387772018031774 0.3708735194522985 0.0621372636759731 0.1256676715994969
-0.3002969053282316 0.3473978483700920 -0.0591046970370711 0.3651138950721797 -0.2449780457312412 0.7067070505140765 -0.0620183492542641 0.1318504944777341 -0.2676846191633807
-0.1784405238030418 -0.4752334767119413 -0.0707930310989784 0.6413173185133640 0.0140476034276209 -0.2711333978130726 -0.4787379884178792 -0.0148993029271107 -0.1512939537654817
