0.2859312901338181 0.0817442558125456 -0.4007726920053115 0.5278337921524149 0.3244671764577630 0.5085858183964146 -0.1556507152678199 0.2744269920278443 0.0941175264210800
0.2695626732504147 0.5459782506266367 -0.0402834998770400 0.2620314738978961 -0.0162858074172532 -0.1106033895589313 0.6053413796351597 -0.3639432531670278 -0.2181037519800286
0.2949234544931761 -0.1083032055081580 0.2079325812897486 0.2115138753021064 0.5050829658383363 -0.4507107921080926 -0.4519400644146039 -0.3219184152987272 -0.2172238141297177
-0.5809373734353632 0.2066251586717968 0.0235500135998028 0.2701843355800405 0.1316719862271960 -0.1914354283204310 -0.0055788189279049 0.4414251150712084 -0.5453359909331087
0.4305856292041774 0.2132158346397886 0.6405538573161135 0.0792990875872647 -0.1781100896852412 -0.0646687096968826 -0.0200729476009415 0.5505448951445717 0.1145843947066722
-0.0833992573384827 0.1703772146255180 0.3958239388134495 -0.0652009559675891 -0.1277676786448358 0.6493249660374515 -0.2973248334121727 -0.3451852493056092 -0.3969710433865173
-0.2061493020915232 0.6605114586198356 0.0059521722812115 -0.3831863983659359 0.4344841054661692 0.0037248504798768 -0.1803376815605942 0.0067091698319177 0.3911557608769606
0.3074823470045467 -0.1785141978432007 -0.0682535475561423 -0.5682691995494251 0.4267511466351552 0.1575282990624776 0.2982280513931044 0.2477723465573041 -0.4344376192530448
0.3028346710241725 0.3133209101870599 -0.4714744083286959 -0.2338634022464672 -0.4506314977119321 -0.1966866064458437 -0.4413469089921962 0.1002938164116199 -0.2941779207782115
