0.0292740541986720 0.3405652875352192 0.0005612341974453 -0.1209471618397629 -0.6939745698274639 0.4681727277281175 0.0616023425132904 0.3148419920028033 -0.2546037090242212
-0.3385802852404590 0.2430347100685970 0.4537992705823922 -0.5148969324479559 0.1634571017535668 -0.3853155042231129 -0.1051262008869940 0.2816116634773399 -0.2995028916306833
-0.3244332038385838 0.2661488242730192 -0.4162283080448718 -0.1302169104043146 -0.2930213555428031 -0.2583457593167732 -0.5370941649941098 -0.1229139989879432 0.4213352727139623
-0.2444457549066139 0.0065693782945574 -0.3317494918483634 0.5376487095378186 0.1661121901988605 -0.0758260527909143 -0.2968755121676786 0.2922516266894824 -0.5780919675325429
-0.0136074671908483 0.6265615944744811 0.0221975200222572 0.1393531880934861 0.5201855970232704 0.3731905536251364 0.0183899622429301 0.2429585682348036 0.3436452574731597
-0.8201486546352753 -0.2027732650080997 -0.0166921447380959 -0.0423119729954910 0.0459919816165030 0.3884206964222668 0.2735671077331228 -0.2367765722677588 0.0168002723986040
0.1827970211064408 -0.2607992125017990 -0.1419192049990098 -0.4741598915409464 0.2806040563470363 0.4943680367822401 -0.5360935561762747 -0.0825013160842836 -0.1904184759409624
0.0464802901885705 0.4045895022631023 0.3272357364169332 0.2062586945998567 -0.0420207792541977 0.0540742677830754 -0.2011536178403467 -0.7406581326467780 -0.3013204627047982
0.1053168656371151 0.2977679263777872 -0.6186812844660324 -0.3544721264654175 0.1581568769649161 -0.1496279673914417 0.4533345226206058 -0.2248945952003949 -0.2972098668224178
