-0.4898436525704850 -0.3050437249356099 -0.4177996535727988 0.3538752685364223 -0.4272879181011995 -0.0034722985917529 -0.1909739776730310 -0.3833278000560496 -0.0349139148435239
0.3276465891840861 -0.0148699264441901 -0.0128860235683509 -0.3873723383949980 -0.3973212244932455 0.6693406792293930 -0.0469767392478020 -0.3082096509040344 0.1977931153547724
-0.4037703588805095 -0.4079802940410499 -0.0118236075758980 -0.4105169020893617 -0.0953796749302250 0.2221958313743499 -0.1064762673303020 0.6439147847209171 -0.1320073369544865
0.3942813401501981 -0.7210131490355185 0.0922556031700305 -0.1570674196335431 0.1960973184455726 -0.3075315611301860 -0.3260125406153246 -0.2283205455945933 -0.0075316352048568
0.4623362185039338 0.2009667778156785 -0.2769536715820296 0.2192294385370850 -0.2846491758821620 -0.0086809676191376 -0.4616818583890219 0.3425818802694815 -0.4576895200527336
0.1562751001071135 -0.0751339645929200 -0.4598900770531640 0.2410958925218572 0.2219052756204643 0.1109362596643838 -0.1041854282116330 0.3214898305037093 0.7242566868608967
0.2641800657725305 -0.4069753130948440 0.1919859746838528 0.4840786125168671 -0.2438154067812775 0.1653920387612572 0.5960069219639370 0.2058844141987845 -0.0947425337416266
-0.1266159151686297 -0.0646244981126886 0.1912839831954074 0.3659518914320705 0.5463405644039472 0.6003554922144448 -0.2906000695670156 -0.1057739375398926 -0.2339454627890077
-0.1010606142457865 0.0676855975151844 0.6745191694692820 0.2389121145989020 -0.3518641347805411 -0.0886616787295108 -0.4242915983140237 0.1304435264474946 0.3800554788997359
