-0.3541111107785096 -0.3846771873282875 0.3770932847338450 0.1233757588461094 0.1319251700311031 0.3302067373458676 0.1050084620982449 -0.0307627236177405 0.6563489905204666
0.0537477724474440 -0.3253128299958095 -0.3765905625700454 -0.1182200545983907 0.6831655560248048 0.1429591197551929 -0.4286357116582428 -0.2428214869749987 -0.0751197162242260
-0.3432656067456236 -0.1279443739107307 0.0271285535418689 0.1890308874158925 0.4108723650143804 -0.7253782662233226 0.3388345720000413 0.1161534670440498 -0.0777180871172702
-0.0779437946564324 0.1383306516652205 0.3136046099923660 0.6469608491339961 0.2354255213967019 0.3528544654982464 -0.1268423276031553 0.2312940862103370 -0.4564710545359512
0.4320144573539709 -0.4507689211506208 -0.4388481978619158 0.4538450670883621 -0.1734350220741237 -0.0172121204280154 0.1383503402480974 0.3630105417946201 0.1741102196957447
-0.0711809483572844 0.2331694559985023 0.0403262553424590 0.2070470446932726 -0.1063152947710080 -0.3711502386919637 -0.7522227136178388 0.2030006881121036 0.3741214508074033
-0.3710887562538578 -0.5427253364261780 0.0127964011045793 0.1091875673372266 -0.4924393982608557 -0.1074292197563583 -0.2497928261039429 -0.3218761948221186 -0.3682639440098264
-0.5893575469638083 0.0629805738002172 -0.4338970262995298 -0.2423950069443568 -0.0644959249597307 0.2480175411307860 -0.0074160647309848 0.5753788264760229 -0.0698637482495518
-0.2665662850533465 0.3932072395350041 -0.4839959380167134 0.4438359339004057 -0.0600030168920147 0.0935083045630669 0.1640595160492605 -0.5152201340189825 0.1958994687306201
