-0.3469316260616716 0.5036140779920370 -0.1326051171422826 0.0808064994489760 -0.2167946390964089 -0.3858297597944184 -0.6124079584054404 -0.0665289919361564 -0.1629827183188371
0.0802385049636538 0.5304604399848464 0.1459187226860351 0.0435651459461220 -0.0017730642761196 0.2269369552076430 0.0611350457406143 0.7346094767536522 0.3067428985499515
0.3883785046321713 0.2517683695346661 -0.1021517190705039 -0.8293190646027870 0.0839450514755129 -0.2624235413365059 0.0606623545094642 -0.0467509561441892 -0.0761004648408152
-0.4127802736873458 -0.1833930181166517 0.4268231353480997 -0.1711384981080908 0.6468509562242357 -0.3123223839141265 -0.1279445758645228 0.1344655844217433 0.1846641091510369
-0.0137336936487936 -0.0520144568751344 0.7603158146447723 -0.2310373627054309 -0.5254749765466840 0.1658901798384575 -0.1532038581873201 -0.1750881425636428 0.0887507656106765
0.4787845592944616 -0.1029559033210708 0.3042193951439229 0.2311861583222473 0.1732055756100609 -0.0973572837455252 -0.2448545059844808 0.2754077333144318 -0.6624856125079249
0.2393076819209459 -0.1913339962299581 0.0474752463882315 0.2306641206460792 -0.3215663597280111 -0.7545009025609725 0.2120387396574593 0.1685061766388682 0.3234687084282280
0.3384844529036362 0.4856054647930431 0.2472286017840569 0.3378126496135642 0.3324209737042249 -0.0350971072271230 0.1022511011215306 -0.5483699191723016 0.2268829506570374
0.3882159861595097 -0.2867707861069016 -0.1857557206643055 -0.0191119255732167 0.0866098123791816 0.1603814730899218 -0.6799473485908407 0.0068547463221777 0.4863964945941647
