0.4077661413945493 -0.4253354053792532 0.4828265270218875 -0.2033457281268964 0.4339299974605089 -0.2936017659590385 -0.1959455376643784 -0.1854872121576721 -0.1762050715633363
0.3601845984786990 0.7852265750774220 0.1288168665630465 -0.1956159242386005 0.3282108385013431 0.0086871455728114 0.1804403173553245 -0.1032600917002238 0.2186497889568869
0.0875999915120362 0.2801190584153393 -0.0881408619427056 0.2287317328080276 0.0494475694980796 -0.0035269021129173 -0.0137195519896166 0.0789903827814908 -0.9191775288896512
-0.4789602449417464 0.0391638835578230 -0.0503777393200273 -0.4290486063447757 -0.0367748889961380 -0.3065442421286136 0.3381598192674492 -0.5797973943899105 -0.1913212063870936
-0.4364038195698440 0.2262303442851886 0.2375846840328002 -0.1090289202526410 0.1325131698748219 0.3335301390898378 -0.7298191105787857 -0.1678981703394866 -0.0202466394771350
0.3020223312724006 -0.0269446668847229 0.1007220507281641 -0.6699176051040299 -0.5394838092697737 0.3294010498182861 -0.0298905107515238 0.1357038503290441 -0.1739688405873895
-0.2429993845335452 0.1111024600481425 0.8180392981442357 0.2403240629796328 -0.2783995261857671 -0.0372902157881760 0.3021860607381419 0.1769305709569227 -0.0120787132861666
0.3457523648041048 -0.0028907363882892 0.0464162737591082 0.4068617336484803 -0.3762839320434824 0.1970568719910181 -0.0660530274172196 -0.7251249972237195 0.0465374339183804
0.0815964045145143 0.2413508345245217 -0.0452090053198914 0.0038709433994020 -0.4153149814961648 -0.7481786877556200 -0.4304620240322316 0.0938686813555145 0.0816467815628735
