-0.2446116676508851 -0.1355815843740271 0.1046835721195110 -0.2903836788589065 0.1702907107429137 -0.1045255526473290 -0.5353885447716937 0.4571686675766306 0.5393818990291092
0.5851529958592574 0.2369704953768518 -0.1745202450699740 -0.4063969272265406 -0.4331597680583659 -0.3596553562877843 0.1172272326553766 0.2505213398323725 0.1110974869248260
0.0234752557042362 0.0522107679856392 -0.7164331873720473 -0.1517322223146254 0.1669081206902552 0.5673996318791862 -0.0003871262349971 0.3087478517302220 -0.1236839520537161
-0.0660366686664406 -0.1138427085199378 0.0933342114628727 0.2378823709655458 0.2273449759943422 -0.0981364245457522 0.7280082379610779 0.5149609719857566 0.2467436027995382
-0.3216809752138721 -0.0437936717924603 0.1492755807406516 -0.7617519523164551 0.2397748344096970 -0.1204788494373258 0.2706048493292940 -0.0558398120002484 -0.3790805127809990
-0.0990288571726084 -0.4810207288020243 -0.4716653702290473 -0.1202963468269263 -0.0418169226250022 -0.2025448262613673 0.1971287409253622 -0.4907607563381711 0.4465355408622507
-0.4773242556794317 -0.1608972095666366 -0.3034801705370553 0.2176969119419434 -0.4235475203567451 -0.4155060258893489 -0.1063932401153398 0.3025961525417937 -0.3896918922552060
0.0672711586416749 -0.5768752850916115 0.3145660791768611 -0.1461407290299635 -0.5311052247346476 0.4867778316096433 0.0727329943301882 0.1308078726295999 -0.0308927292776555
0.4971920715726180 -0.5637416588301050 -0.0281566019768219 0.0861502224034695 0.4279295997395634 -0.2510216300522337 -0.2022978068577871 0.1228270874744008 -0.3530357401815064
