0.1493203781126780 0.1242986594592040 0.0552241458534111 -0.5585885557180028 -0.0547614190964854 0.3751270650716723 -0.2237723243920897 0.0822056113362844 -0.6683049030216746
0.0729872500890286 0.2783685053964547 -0.2496157218432915 -0.2084484353272742 -0.6795241329672696 0.2243622816319363 0.2885238636039318 0.3115345531453510 0.3450127524739158
0.2015676364360197 -0.2093566513712029 0.1872203107245951 0.1077008300666493 0.2193376771892939 0.1849876634850938 -0.3550213977198891 0.7788790529041999 0.2320929614507459
-0.0547810446312141 -0.4337897277104000 -0.7211511598756478 0.0448439547631057 -0.1441156916725933 0.1278823662146228 -0.4748568883773572 -0.1516277480981942 0.0339449997140404
0.8756858144619338 -0.0907439131180607 -0.0439734980454169 0.3368904196540027 -0.0416856375510412 0.1529610276040337 0.1889330144846192 -0.1944070774158933 -0.1043384355921060
-0.2338577437074177 -0.6896320324939345 0.0612590111377991 0.0146818129952165 -0.0618660884418704 0.2233875300615330 0.5780986285199845 0.1553190136655375 -0.2317295225022950
0.2058751241943533 0.0090552447554576 -0.4467670950497659 -0.2680918479167434 0.2342185851512091 -0.6406792818509065 0.2524643686993344 0.3501543960784949 -0.1854311550486646
-0.2527169508179102 0.3867311187435523 -0.2670843678855767 0.6432916235498336 0.0022483787650040 0.1452724449679114 0.0617227471400117 0.2717398119208422 -0.4501706906220458
-0.0313096975538088 0.2039297169312229 -0.3207968410406065 -0.1775093344542051 0.6371352166990266 0.5034817041250634 0.2787633520615951 -0.0904221896648488 0.2787326797636711
