-0.3317665437322075 0.3656516681677828 0.3388129057586238 0.5101516630461644 0.0853714127347585 -0.2420658648938562 0.2769310052427455 -0.1404298285964565 -0.4678519361135599
0.2406574606024346 -0.0493721783921783 0.2300395482995724 -0.4064441047765569 0.6698552103822324 -0.1253132373546749 0.4500733539649204 0.2128202018427949 -0.0962470673503138
0.2360376210310220 0.5364939628557316 0.3120114830250828 -0.2402516359078055 -0.0116051915071602 0.4840274294963014 -0.4043069357427229 0.0996862858223471 -0.3058917591829516
-0.0070767868613476 -0.1572685548662867 0.0638312035009506 -0.5684046026494943 -0.4024693213641056 -0.3942684193804832 -0.0133234254241278 -0.3323391617505574 -0.4690440625637594
-0.2352766322879867 0.4152480689897031 0.1207040614619894 -0.1973199184852230 0.1743787992693849 -0.5714557701127997 -0.4000115952221795 0.0186223826697632 0.4487578350700675
0.1284151480595492 -0.4063299057704422 -0.0454533200226264 0.2439957201579735 0.4793120779369950 -0.1328587057578732 -0.6099534041015035 -0.1702023285727423 -0.3292448178641658
-0.5550412036978649 -0.0026718892974137 -0.4134739783780075 -0.1758430060997236 0.0650297795836831 0.0364748611387202 -0.0939349500697371 0.5988890103565085 -0.3420373083701395
0.2097275102380285 -0.2886584977533839 0.5067749907453113 0.1786067064649978 -0.3333250018597542 -0.2519551275921261 -0.1131639788805351 0.6297423632221088 0.0009607015785580
0.5935900920308215 0.3611595998942856 -0.5352055084119451 0.1801489645799407 -0.0800438699328367 -0.3562943107395551 0.0584746952401194 0.1733240732373799 -0.1774902223986045
