-0.3065684010684401 -0.2649352616249064 -0.1417594562527257 0.3371138424015674 0.3036130251361803 -0.0651216221856460 -0.1460790838258450 0.4575993204503763 0.6123117710135809
0.4966102324012204 -0.1825397416121610 -0.3241155251056496 0.2664277310681198 0.3118183393970600 0.5510926208161668 -0.0906822561133945 0.1919000095598428 -0.3131138316406663
-0.0704522853886531 0.5581315085594558 -0.1703259396620416 0.3394264288249034 -0.3172659197054568 0.3542915118774715 -0.3978430607931787 -0.2726408653448071 0.2837466945320299
-0.0997201035486962 -0.5526548750545902 0.3690803517508147 0.5258398695349488 -0.1377873672190922 0.1030308343027138 0.0422898169142848 -0.4889173749971807 -0.0383572159382686
0.4838041330776606 -0.2252168327381558 -0.1408364384941858 -0.3375068049750175 -0.1246906749622630 0.1408083049468398 0.2426419231898709 -0.2778460144771757 0.6403256510881930
-0.1524889399494014 -0.2357500966736204 0.4231937402787123 -0.4288740051455270 -0.2524950153058321 0.5005598756322497 -0.3941336888750784 0.2969079502780606 0.0182631738471775
0.4677613255655935 0.3268505863273911 0.6500290706766970 0.2931335547965129 -0.0030562410122218 -0.0710101200526652 0.1697264691148226 0.3296994105506000 0.1527822288602030
-0.3696726613148690 0.1246095976737845 -0.0612679072736697 0.0683184883057271 -0.1662698463256688 0.4638130087852004 0.7531377892225333 0.1714893495766781 0.0003222562746362
0.1780691404036117 -0.2255898283749507 -0.2905215272107029 0.1876544694798257 -0.7641916855269203 -0.2556680607684319 -0.0114030079414334 0.3700553609790988 -0.1065718751643026
