-0.4712760339733192 -0.0788748801280688 -0.5916839021710191 0.3413286736703571 0.1046076489337964 -0.2335207711068151 0.0818418886571285 0.0668884616303419 0.4779494510272554
0.0319337144542665 0.2564728994730322 0.4945870404141480 0.1247691609280866 -0.1431243057161844 -0.0443267983870967 0.4431246637840172 -0.3448508075200834 0.5790399179761111
-0.1119691983754789 0.3766872978336874 0.0116937562468629 -0.0572297536641537 -0.2862870420882369 -0.6553960965449761 0.3343984355415285 0.3092469866759134 -0.3509946770700487
0.6796695152159452 -0.1808652309446831 -0.2839526544615078 0.0190360774415599 -0.5126537306531255 -0.0977999582813183 -0.0540094315471125 0.2184738185984430 0.3183066581143549
-0.2108662800590591 0.1182832324148502 -0.0419019253003834 0.4222754708712227 -0.4596044824045257 0.6211162407181464 0.2512200777777567 0.2358515459482776 -0.2138059874866177
-0.4360280063526406 0.1321331454484908 -0.0139333240694301 -0.5608146881283588 -0.5253383929579336 0.0792725333320302 -0.3786232532119262 -0.0959400472332114 0.2070954741598707
0.0114252121214461 -0.0528455495971129 -0.0623255705058255 0.4423082362874203 -0.3124146302985781 -0.2472966799335957 -0.2927033795747690 -0.6816633414041655 -0.2974172678739985
-0.0204822881625703 -0.3932628728260266 -0.3175799136128601 -0.4016402289975939 -0.0860817656056394 0.0834786850332750 0.6244686596509569 -0.3794181424778577 -0.1856203617504686
0.2593382277926049 0.7513297695117259 -0.4667296629982082 -0.1204518115511970 0.1776763234684533 0.2102390339932710 0.0099817116003684 -0.2445114799501468 -0.0157231705736506
