0.3547387773881968 -0.0112463874615607 -0.5560039798685311 -0.5542457887354575 0.4433166089398555 -0.0426296010969476 -0.2416064572439653 -0.0194356582072937 -0.0246328029669623
0.4339610865280718 -0.2063388872710368 0.7111094160636120 -0.3460599089259885 0.1255071399607973 0.2895698608613672 0.0072753243725751 -0.0350703285668852 -0.2068390002103236
-0.1078997261244681 0.2423329212016736 0.1460348625451378 -0.0009065612237425 0.3642170230341743 0.2899909540173732 0.0069396159795453 0.6164065752530790 0.5581678814723601
0.1845887991368280 -0.3792368404556823 -0.1689918014892135 0.6549536981518345 0.4605230055301516 0.2620477085628548 -0.0041102906850560 0.0792125796029904 -0.2784633745012792
-0.6787070041466606 -0.2414648029945193 0.2497286227245040 -0.1533037537375242 0.4595469950238895 -0.2551439990590021 -0.2974000576381994 -0.1056060258315925 -0.1389381072734776
-0.0134462066726480 -0.2014344684089614 -0.0135526904930889 0.0731742441247380 0.0015688962101961 0.3592893027765422 -0.2182328772670736 -0.6380549874702575 0.6081728280342515
0.0161517197757395 0.3288486712991608 0.0364123699508943 0.1366396436525968 -0.2262139627972341 0.2463771944837383 -0.8318053810734929 0.1071732414238153 -0.2373618458048827
-0.1302095976454246 -0.7159681865130462 -0.1740365325091713 -0.2058426872170551 -0.4249419176974584 0.1564516130102649 -0.1331085723887302 0.4117766363011429 0.0737865785690500
0.4025958074914293 -0.1874005540266229 0.2028199372501180 0.2327893071333863 0.0069692980207018 -0.6944077802670631 -0.3095446166292995 0.1133478136237546 0.3414008300096225
