0.2495040592220139 0.2832617622663536 0.1984746293183549 -0.0038100834591068 0.5075273092489913 0.2035672104419478 -0.2863638680515942 -0.3652841097378363 -0.5510385455641035
0.1640728357586095 0.0181185469547235 -0.4127129754250469 -0.1500908798969632 -0.2442297832384866 0.2004264413919522 -0.4876144826909125 -0.5359538651485171 0.3937755398480426
0.1112713953791596 0.1856050498504554 -0.1141017259562331 -0.2385908753019148 -0.4590074291742202 -0.4926058263775390 -0.4001511934004114 0.2492399422024957 -0.4556696015862357
-0.1205441892161647 0.7590956835501574 0.2712982819420726 -0.0583581891699156 0.1465718887123716 -0.1355659899405190 -0.1623015812724315 0.1811711770136731 0.4829162979031759
0.0715085784466106 -0.4886248602544121 0.6571721899554942 -0.0492737484027874 0.0578891540356015 -0.3377984463260111 -0.3635867972975091 -0.1406011630450605 0.2289237622079287
0.1227620787745768 0.0469916424852047 0.2238346178516993 -0.8485071442987991 -0.1267445072520737 0.1297934415641880 0.3951864304932113 -0.1534054731417491 -0.0062358519153684
0.7727864806144161 0.1528970622526968 0.2279855810620096 0.3578898289759204 -0.3601636524780712 0.0680809983556936 0.2420815394826857 -0.0060772871702156 0.0797978996990240
0.2204277217563025 0.0264600510303117 -0.3319335932674938 -0.0158738565939674 0.3650401976053476 -0.7081459998577444 0.3141118801381229 -0.3080426020281318 0.1095352665935493
0.4668450214994904 -0.2090906179420940 -0.2439657780723885 -0.2576772046571439 0.4101331223399271 0.1424467877813199 -0.2193801528490192 0.5883437134130869 0.1721736180518803
