-0.5801412082950262 -0.4564623073766569 0.1894499263887503 0.1229494011655806 0.2348788322710141 0.0282247476244029 0.5848839915591534 -0.0492523603573161 -0.0599226978389406
-0.1285732801597515 -0.0395326184243641 -0.1443289996005065 -0.2077076800559411 -0.3453253107299265 -0.8252519818055649 0.1496486220709062 0.2574161293932017 0.1702485411548099
0.2391337374201910 -0.4690240795362369 0.5994999988406962 0.3577041745287290 -0.0392053724210096 -0.1365296855459810 -0.3331114838951253 0.2177109868443994 0.2386214420370340
-0.2702186398396285 0.2174470844228034 -0.0022711042161299 0.6181152028071558 -0.5177438598676427 0.0141202724086892 -0.0604753231301464 0.0902658905922817 -0.4664373570672675
0.0354392472104820 0.1187339845875152 0.5926724598548020 -0.4095112754697839 -0.0424272296020496 -0.2220377323535234 -0.0351597556071613 -0.3567653003089768 -0.5348529320613149
0.6350776477129386 0.0479190576927456 -0.0298445749088299 0.2137467895057327 0.2276781709103878 -0.1280773662979492 0.5365417300412614 0.2837365662161189 -0.3334323443504558
-0.0681753839312744 -0.0985365953617000 0.1329171276436278 -0.4546312214089809 -0.2919401094542490 0.4221536053038045 0.0479307408019478 0.6887160004677218 -0.1456583911288890
-0.0534416350100922 -0.4826084644948982 -0.4126613931589495 -0.0588289854498560 0.2944707188734510 -0.1586429222796895 -0.4387633334648974 0.1082895257464633 -0.5237960685891705
-0.3234479590033739 0.5136128176966692 0.2092002083997782 0.0904693993149900 0.5748105315320513 -0.1738878472245631 -0.1922800710487863 0.4265218251519594 0.0098604402172096
