-0.2325325793318665 0.3919756733757211 0.4749290608682574 0.2170216922887165 0.2149284831731975 0.1709686402024764 0.2295420410764787 0.1935999498340096 0.5950064077308365
-0.0581220489903391 -0.4814528633648561 0.3391168652281129 -0.3455493817235934 0.2979853104460269 0.1009233338176560 -0.5861342440832235 0.2511010443666603 0.1575896353435795
-0.3645310126077618 -0.3178059292018762 0.1283507335820654 -0.2062122818156615 0.3396707128468169 -0.5627005931347351 0.4528288239736979 -0.2644947945104096 -0.0099762419809389
0.7529168739646549 0.0608988055167134 0.0744334497314996 -0.3289279342138224 0.3642862733059351 0.0499069798934935 0.3774422095289925 0.1910342998282215 -0.0390086046228560
0.0325701053412709 -0.1571812301813916 -0.7317402767394791 0.1630482417183242 0.2892807728172472 -0.1144494604595605 -0.0493841366614844 0.1721255365704411 0.5323125487641880
0.1413031043718507 -0.5275956614423969 0.0660947285068328 0.0574840378209848 -0.2368260076605608 0.4918769825703042 0.2736380247094775 -0.4677198188782271 0.3198971734106876
0.1263549246430263 -0.2094084411781773 0.1230841249822323 -0.0985768136780286 -0.6634826513432209 -0.3999685969731892 0.1552428881303571 0.4686129895404271 0.2672692505415190
-0.3297434110821136 0.2648089310322119 -0.2693635169014899 -0.7816770982740507 -0.1662043312287560 0.2811147040587500 0.1207060971561355 0.0053262596209072 0.1277577207075117
0.3115446765974486 0.3046475872297816 0.0995446523492085 -0.1793167613361782 -0.0965752971284645 -0.3839525233899140 -0.3745045476485938 -0.5700878814617708 0.3821857484777026
