0.7663512866254563 -0.1098644035980933 -0.4959034114248857 -0.1431253924958519 -0.1046466860192096 -0.0845885939754873 0.3392181182311218 0.0264172333689130 0.0189072945956823
0.3000861209496367 0.2108451846567476 0.3767062754755715 -0.3278922245269614 -0.4068263376438974 0.3326555023192784 -0.1982365126261183 -0.1587222813419406 -0.5247988847891666
0.0568444164109555 -0.2449191302685777 0.0478084979816676 0.4503536903493688 0.1151739929731198 0.0904587603662449 0.0938285342528557 0.6165587557924980 -0.5668182282637181
-0.3199384860446325 -0.0875711609832484 -0.5157580994812751 -0.4831020573486783 0.2496811056977941 0.5333228553682997 -0.0541999196448571 0.1245768082774005 -0.1592033506735654
0.2149562439622846 0.5239460358693799 -0.0319227141864985 -0.0054944651516871 0.7113956987441336 -0.2230132782941113 -0.1757234548933044 -0.1298397619937342 -0.2732567601518472
-0.1643510790594270 -0.5542885538719335 -0.0073545226934636 -0.2863481379881520 0.0605156387250204 -0.5383018726706141 -0.0061690741720504 -0.3230440929212231 -0.4311345319349971
0.2839834326481986 -0.3835402264127834 -0.1335892111341066 0.2551946752604152 0.0787215152010936 0.1687522766748284 -0.7833646881396927 -0.1468459397290246 0.1392175729363349
-0.0928064872017066 -0.0162506278659592 -0.1676797546533194 0.5036606958154656 0.0228323883656052 0.3472287150601305 0.3287667073639620 -0.6579308166118312 -0.2174457876301280
0.2336343401119113 -0.3830112200473287 0.5448342800866806 -0.1870077614022355 0.4811146654058895 0.3178365795488963 0.2850041326456609 -0.0528464516639337 0.2244762553357153
