-0.3213343316634618 0.2791804228012912 -0.2336517143028615 -0.3718529820040281 0.3715951190973751 0.3618460697995232 -0.5906875750289464 0.0721773651304483 -0.0528949988168011
-0.6121848927448905 0.0616005134168431 0.4493686554334279 0.4380838603676759 -0.2093933323832930 0.3115709822227573 -0.0456634088173318 -0.2351369963300908 -0.1711396449780862
-0.3123144022269971 0.1087263442610432 -0.2273612420628939 -0.1989397097393225 -0.7572932425856390 -0.3184103663604289 -0.2080837281333494 0.2749842333314402 0.0746643861239569
0.2640048939776944 0.2256233345942572 0.0058059915419527 0.6822551752629024 0.0866051469700060 -0.1709321970589234 -0.4910036302312151 0.3377944567019250 0.1482624894561234
0.1312887194017833 0.2505832501781201 0.2570705228595572 -0.1646463307632007 0.0010745771274715 -0.4962100878967077 -0.3376016143692606 -0.6830615436551148 -0.0020274218203662
0.1103961956221826 -0.2811609290900936 -0.5589062806326829 0.2501422685727930 -0.1282882780686630 0.0429290241203108 -0.1640277101962866 -0.3010100443249710 -0.6308731306605461
-0.3813627600553321 -0.7262546069959411 0.0449727725567621 0.0212784266116767 0.3002930226598325 -0.3909105711060997 -0.2240814822865640 0.0667810815558707 0.1642625085996422
-0.4002184928956090 0.4301789274139808 -0.2576718322409474 0.1479225514233431 0.3598137645851409 -0.4647485733831155 0.4025382293761580 0.0881584233704801 -0.2263388579901644
0.1403516649138089 -0.0345436554371810 0.4948424358635022 -0.2296635307503056 0.0312587814849570 -0.1565832171840037 -0.1071921752624457 0.4246973718900203 -0.6812784576702359
