0.3344463812045735 -0.4952064765566425 0.1387659401566443 0.2324348339230751 0.0632351772148720 0.4841810681324770 -0.0390379976874458 -0.4465310737585767 -0.3609574296733344
-0.0697860799239982 0.5089015404313776 -0.3108761729703916 -0.0345047084958960 0.1308585875759505 0.2499700554750056 -0.1550082030810545 -0.6681778356452300 0.2970124470788999
-0.1329265488288854 0.4117899161608033 0.0091568496022150 0.3898302786400422 -0.4551137420230343 0.4669809043249596 0.3917849686534177 0.2124310713753677 -0.1920572794629206
-0.3755473029118537 0.1042960422700663 0.5802158861244634 -0.4940609368441297 0.1398689520858647 0.0589163314263849 0.3693103086798975 -0.2544046280342800 -0.2078306962099071
0.0657918320680252 -0.1929256356391387 -0.1110083440926742 0.3297003305270038 0.2181271749268191 -0.2698943557605666 0.7496329960698548 -0.2007670191089526 0.3387425586887876
0.1113138841592739 0.1395536076358384 -0.3674711996930173 -0.0960294798585386 -0.2412890803391651 -0.4893361467066043 0.1291131520701459 -0.2813039795070259 -0.6560524723639913
0.4297383544917199 -0.1050367861916919 -0.3077598263027512 -0.6516220428026700 -0.2248290278019365 0.3039319143736685 0.3052854826107899 0.1301900133077134 0.1785873934461028
0.7185152744604385 0.4832314678135185 0.4197613809878922 0.0735390820196585 0.2100058227760591 -0.1372919841275824 0.0103983808731333 0.0705009112889981 -0.0241970247298407
0.0831365028875917 -0.1187445999124779 0.3592937987345550 0.0278633344874281 -0.7427887172068082 -0.2408834578990552 -0.1124088026014728 -0.3208435169416635 0.3518286837317954
