-0.0134869022006755 0.1606153701161902 -0.0079878199134286 -0.5024384646923030 -0.4258733931545436 -0.3379821084458923 -0.2375533982426622 0.2085376730516926 -0.5709579315126406
-0.0928059379662961 -0.2885428172368820 -0.5545100789277936 0.1359876298645103 0.2765642069094551 -0.6086921858079046 0.2427737424663322 -0.1846050712421196 -0.2052899837401856
0.1226198430733392 -0.7215083297091031 -0.1100642914862479 -0.0775997484067153 -0.3731346094867436 0.4248768455123019 0.2742892484555801 -0.0080450634593302 -0.2262855486287029
0.0135713433990933 -0.0005434429179110 -0.1928169998717586 0.4201747787988975 0.2631568372437773 0.3388154103785127 -0.5684985417203493 -0.0005952423835963 -0.5280643271232428
0.4716189316415624 -0.0791447286133299 -0.0513401217474301 -0.1119429415927721 0.4016270334327182 -0.0137853610039704 0.1207117497057363 0.7616255174879529 0.0023663069795902
-0.0759414064521825 -0.2337093418697304 0.7891105405940070 0.2254570472137924 0.2043442292316253 -0.2538706518422976 0.1739854222899002 -0.0297430478580094 -0.3587813720660181
-0.5917678477487712 0.1840824435638047 -0.0706933860137122 -0.3583604039901302 0.3815714558295465 0.3674570065321324 0.3685015108903139 0.0759265481237519 -0.2456116906347187
0.6260232713204665 0.2517468140498309 0.0242834443419785 -0.2753302579568913 0.2262343381584112 0.1325867438897496 0.2061207755817238 -0.5491574886031617 -0.2355865593208988
0.0754951542125967 0.4606782297618324 -0.1106513873740667 0.5281130140647952 -0.3658190058000269 0.0519755788301975 0.5129158974476151 0.1845834863868408 -0.2392700943725398
