0.2519091283291164 -0.1010293728743158 0.2640910977484099 -0.0559024143867749 -0.1813030779066523 0.8107442502930199 -0.3498831798284174 -0.0529045926529545 0.1951191639604385
-0.1259338968312198 0.0981687514209517 -0.5989609525884297 -0.5695939661197554 -0.4346876309641278 0.1451128159805470 0.1342775502549026 0.2021805456742467 0.1496447175181234
-0.0079073368838055 0.2279871382593539 0.0319893130592184 -0.0041415395446825 0.0993847206158775 -0.1346014299189903 0.1270469753241760 -0.4327110398699248 0.8458984718744022
-0.6581806014044804 -0.1397692743738111 -0.2416235136490837 0.3306680344561769 0.1877821907401225 0.1055294220703097 -0.4254118895898849 0.2970425264564912 0.2528466454332934
0.0693380791206103 0.2171281756454081 0.3894773165320180 0.2215092788919644 -0.3281426240802852 -0.0884333459703798 0.2571271990075264 0.7008697022873103 0.2728696958714343
0.4707507604898576 -0.0768983091031910 -0.2734399465607301 -0.1233941363846696 0.6868419671978546 0.0946241194571140 0.0698233098515821 0.4104258533853589 0.1686848145893843
0.0474718876602265 0.1103022465478204 0.3019964636344233 -0.5274200035172044 0.0314332497032578 -0.4133973943998381 -0.6495025929284850 0.1390658853247118 0.0559259918574458
0.0133378288176164 0.9133803859583815 -0.1469967044713102 0.1538048637548780 0.1238167266749333 0.1741709091803077 -0.1662206125351567 -0.0265079347800472 -0.2151658792230142
0.5085004317973614 -0.0956768892752703 -0.4157217233018145 0.4438004762398119 -0.3705243351568114 -0.2727176844879210 -0.3767790982880619 -0.0337833198378848 0.0878795186770284
