-0.6425278601895387 -0.3748340455942640 0.1878225503226931 0.1888924655185357 0.2945808121538318 -0.0535754455690235 0.0749186680835152 0.0006882766914599 0.5295642070560997
0.0837031164260819 0.5863195253832992 0.3977722006692293 -0.0507225192363649 0.0667235140099076 0.0007825026794138 0.6384179790792629 0.0746662674872387 0.2661249663739564
0.1352065451390128 -0.0873904596422905 -0.0273464148888427 -0.5996663563530454 -0.3779180987993796 -0.2563361736904902 -0.1854791463257803 0.2890773520906730 0.5359440080924097
-0.3062420048801052 -0.2619524999846707 -0.1236713541849911 -0.1177958221692460 -0.3805125957700962 0.3930931859620024 0.4505777669225730 0.4747870243355983 -0.2840266391035843
0.3752930503805833 -0.3835597313156660 -0.1081911757879068 0.4409382584772382 -0.4202094688289910 -0.2127433718835931 0.3905276906621423 -0.2865998230388928 0.2223018327140083
-0.1098715215146669 0.4021776793255381 -0.7804116862439748 0.2780761074463590 0.0335096864267862 0.0626553767089530 -0.0039811708708583 0.1851205983124755 0.3169835334803038
-0.4175084619078478 0.3367271560370168 0.2482117161846435 0.3263868158235463 -0.5821919471902024 -0.3346309151698732 -0.2659454065780106 0.0381567316248917 -0.1451064740768747
-0.2674267097948131 0.1297927562321733 -0.1140349144935358 -0.3210883045824257 -0.2857081860621103 0.4075920792516328 0.0261957236193932 -0.7298909712384787 0.1197815418662160
0.2633244690475105 0.0193999308062211 0.3083776700612534 0.3269439487830763 -0.1512701725891121 0.6705251535643995 -0.3541834796866907 0.1866284551087418 0.3090824638026782
