-0.0263505550916388 -0.4859023869179823 0.4487038784455864 -0.3226309579203218 0.4228133895691128 -0.1276648002308292 -0.2899758795652105 -0.0101460464020824 -0.4225165043983066
-0.0412365048320971 0.0291548682311231 0.0776149741061310 0.0632384954827695 0.3244190757662716 0.5906717096929077 0.6627266526562425 -0.0358649927335375 -0.3046188333211355
0.5573208973597044 -0.1484918977800977 -0.3392070703840391 -0.4755804809355024 -0.3333269534672313 0.1160480879812113 0.0491794919991766 -0.3664244770881101 -0.2546483982671798
-0.0122319909237023 -0.5227636479634324 0.3022479702535059 -0.0115522699013763 -0.4881606576971558 -0.2170155008762870 0.5059598842123615 0.2637965739292809 0.1552438859048866
-0.0169252547698323 0.4577032433753128 0.1273974444191047 -0.0197081285848013 -0.3434939179237868 -0.1520164277682428 -0.0163459098476877 0.4253985377871571 -0.6717697424680656
0.3765883872845665 0.4203847520225916 0.7246384048756501 -0.0914967001335149 -0.0468415638392158 0.0220656658419162 0.0367849820799942 -0.2760148595700286 0.2603209932971733
-0.4806896877403284 -0.0133260956072200 0.1477695890399486 -0.3793676898171696 -0.3806785701929282 0.5951600988632979 -0.2924475282294410 0.0343486177909753 0.1310230604090696
0.5552106345780299 -0.1938230691084069 0.0341507726722085 0.2865790324419916 0.0175335521266440 0.4276537109558793 -0.3069010442183243 0.5339106292345454 0.0918478041486218
0.0736362162577918 0.2091808381170516 -0.1479608723856335 -0.6563478243382322 0.3180685653143417 -0.1163899313172312 0.1922477955108171 0.5013648611578360 0.3083764438369057
