-0.2414637069511404 -0.0098740281813716 0.8059266440361140 -0.3987778658140669 0.0868241016643212 -0.2360774724314980 0.2522872367570886 -0.0773074221352705 -0.0126473315431293
0.1681653941819465 0.3265125672087501 0.0901371502169123 0.3071826362845406 -0.2554681065571901 -0.4950716331903163 -0.0332130488664191 0.0145488860311512 -0.6715276715169988
0.3542061997585186 0.7688314155109285 0.2271324230346685 0.0848182928667548 0.0092208472650050 0.2353226317360837 -0.0505675379525060 -0.2052221244381083 0.3528710542006964
-0.4421418705961755 0.1929471167178978 0.0555754767196220 0.3992433045643506 -0.2792835466038606 0.2080035081281807 0.4835045656205474 0.4868792829247928 0.1127176412517274
0.3231309420590740 -0.0976892257089510 0.3195328052306296 0.0539151759860160 0.3675218599899838 0.4352340261042674 -0.1974799478538039 0.5507117452947625 -0.3380124530026527
-0.1084212086739407 0.2565819424684478 -0.1612958578427129 -0.1227406699991973 0.3573213151877910 -0.5599042627153854 -0.2413423059562881 0.5286625100388130 0.3200429012187309
-0.6563749641708219 0.2961248073525713 -0.0234298811099335 -0.1402423263970127 -0.0053658273076765 0.2774662175650010 -0.5491531773097850 -0.1105603421055442 -0.2654355666628568
0.2020250017658042 0.1431059972346356 -0.1819478506403988 -0.6961611054501892 -0.5417533360470009 0.1089971655683471 0.0619555933736571 0.3210675514777461 -0.0930663190447046
0.0682147609272690 -0.2853331486198612 0.3548354834567539 0.2403026623436222 -0.5411441484443601 -0.0934878587959456 -0.5442996936758492 0.1287202319499489 0.3403970138737943
