-0.2563218798712217 0.1893086418985398 0.4800862318866042 0.0412135284962764 0.0787384085030979 0.6243569445873481 0.1751767352543018 0.4581851563074033 0.1721572820440020
0.1836430789100398 0.2689494254172763 -0.5430108168670589 0.1460388075787616 0.1760690889947279 0.4259979826210988 0.3368396441589392 -0.3331099233911600 0.3753073052140558
0.2889656069769077 0.5720748506059443 0.4887243980219433 -0.3555543972521407 0.1691772493134289 -0.1983826706823218 0.1515053581963849 -0.3642181656206812 -0.0193236957850336
0.6188597047156887 0.2664148537598705 -0.2395595150769850 -0.0251337565248040 0.1158512971278481 -0.0873931042543489 -0.1235448136281471 0.6669531675597773 -0.0828637326247104
0.2159770453480020 -0.2429169974881775 0.2774082176396971 0.2412344580564981 0.0345449041223459 -0.3146456312074804 -0.0541473060915124 0.0485549577903789 0.8085240422674278
0.1031816184415920 0.0581003664201937 0.0979108749799237 0.2080881098338331 0.3369532705526920 0.3134741613822116 -0.8112926730632921 -0.2483482928918101 -0.0376094111249845
-0.0554926930725150 0.2466156930797849 0.1293375688577693 0.8458438254925449 0.1209987215998095 -0.2379741178303270 0.2198596354970769 -0.0161816738252058 -0.2899117103978963
-0.0095659040533369 -0.4101643519898469 0.0191564510467239 -0.1351843149734826 0.8501583257543316 -0.0638705471793121 0.2565636180810110 0.0493514062392048 -0.1338762568114223
-0.6112465798064849 0.4496037363136952 -0.2734577284414329 -0.1212525269045476 0.2619479867842644 -0.3517553627220242 -0.2057767952054363 0.1867909934068251 0.2552826801715952
