0.0281465541332561 0.3121611396036606 0.2160456845118833 0.7675800388905942 -0.1026730668569747 0.3351397770625767 -0.0951952590186766 0.0323674020703371 0.3646068096298919
0.1601819101215125 0.5500694305428148 -0.0046076710664406 -0.4392075747137980 -0.0083783991194691 0.2112280210330282 -0.4751102450626989 0.4488063884567976 0.0836448397032791
0.0465891746060942 0.2500992941067768 0.5371561154191473 -0.1355549068475337 -0.3977957327419148 -0.4264022320694281 -0.2177621077531289 -0.4905426015962069 0.0159774446910312
-0.5696895203732536 0.0650159429604895 -0.3112016232558231 -0.1529309539620083 -0.4584287966609114 -0.1383591548589843 0.1735891514409793 0.1126905870797144 0.5280718429204760
0.4350344277927691 0.1955378055227751 0.1856000349324766 -0.1800329717947135 -0.2869868149297045 0.1681997274446223 0.7574373278456676 0.1448446275541913 0.0175190566224988
0.3542408656164101 -0.2313321824974012 -0.3742598159800304 -0.1520136623903608 -0.3251321641154321 0.4757811453516700 -0.2260191289112743 -0.4961993408122949 0.1686511553079020
0.5180289429624210 -0.1165703662801968 -0.1420628285476756 0.0326519304664630 0.2732081245329405 -0.5050792241095076 -0.0381884856146618 0.0791447731623909 0.5994492561093460
0.2119431464209057 -0.4014492309282135 0.0074025907595694 0.2197303141294266 -0.5881477166944606 -0.1858787327502539 -0.2392257322841168 0.4997018160299778 -0.2412113440589079
-0.1371765251326193 -0.5164325390568166 0.6108727040002895 -0.2669962485942355 0.1111614372214358 0.3127093877921472 -0.0645857953232293 0.1450324534370998 0.3669847577950019
