-0.0555101571105273 -0.3522080808531964 -0.0854759808738496 0.6805706436389020 0.1744083816773868 -0.5074347797459746 0.0114683084045950 -0.1206000252437351 0.3159134667408684
-0.7329387798245743 0.3775117174706938 -0.0918945960965235 -0.0952941424845910 0.0517418093819279 -0.2477438952958221 -0.2555650317387039 0.3675903655147903 0.1956262841660325
-0.3081325910786104 -0.4008148671416322 0.0931761669568035 0.1092014253388954 0.3483922195268025 0.5546982092353414 -0.5168706246577308 -0.1571493955114400 -0.0536337776892406
-0.0790044454559803 -0.3091527362687875 -0.1445446709665941 -0.5330525767881751 0.0065438277176407 -0.5310325733811303 -0.2631343205559937 -0.4195992255749111 -0.2565211010810756
0.0164881116527364 -0.1804062795247570 -0.9303465921353129 -0.0041346456942500 -0.1840098994204751 0.2131247674250125 0.0185908007757535 0.1378021708613067 0.0547993973240863
0.2487510688605062 -0.3928179709212053 0.0728351854395280 -0.3076941218203926 0.4445312499314520 -0.1239911389403753 0.0549067464342049 0.6766288063292908 0.1000658960951656
-0.3137912610249584 -0.2506056148588130 0.0658190643865128 0.2561503109172246 -0.1840411111661739 -0.0614593511748592 0.2512466624823939 0.2819807853875228 -0.7671377373741141
-0.1998547029899793 0.2023255741235369 -0.2034335335926095 -0.0699317919186252 0.6901211469134817 0.0628383783381077 0.5433650800634565 -0.2867247253818365 -0.1231838627842345
-0.3974621510436425 -0.4319898179077752 0.1952106102285807 -0.2578302141074974 -0.3223019360595558 0.1514111180278115 0.4862398737740591 -0.1050395314036291 0.4201888282710034
