-0.2277566248461979 -0.5597514696474188 -0.2146520077942855 -0.3187305850004855 -0.4038701645842051 -0.0737137472538783 0.1544588109789283 -0.4609303723016864 0.2868473165756926
-0.1819286395959803 0.0983606094089043 0.0974563579852323 -0.5231436610591332 -0.5356890639439620 0.1589546436693244 -0.1666225990698949 0.5263884105395622 -0.2386900239829729
0.6453334866609599 0.1706526857547873 0.3808081589393991 -0.1212061903630669 -0.2740836157969310 0.2171077131326109 -0.1972501088763205 -0.2091924023340756 0.4356488300747869
0.1177940699498161 0.1231350648923486 0.1069666804812695 -0.1309924509506521 -0.1058443456036504 -0.8657362862964557 -0.3195026952212761 -0.1786880200550820 -0.2182835226668863
-0.0410596492101850 0.4160975729856321 -0.0211177459955632 -0.5406294943924682 0.2650837432419983 0.2199631963613082 0.1928005007796018 -0.5134094613374461 -0.3362085644103512
0.6536810399584382 -0.4675436687134326 -0.1350070635362371 -0.1625652904567647 0.0919138084416880 -0.0185343247415649 0.2955510448568885 0.1757350769340160 -0.4271120792274377
0.1070016533177202 0.1640073084721475 -0.3557737658082185 0.4656762850834338 -0.5219601102885796 0.2138172536179666 -0.1498418387510468 -0.3034761259597457 -0.4307114622151368
-0.0941061508873020 0.1325980915847055 0.5153794783870037 0.2155916342135378 -0.3125460503706023 -0.1616650871592501 0.7256657238858233 -0.0243820362018959 -0.1022749161201729
0.1881701883140209 0.4432876897232368 -0.6140897357957605 -0.1041137944279661 -0.1214756499748379 -0.2282189319746540 0.3658196752566669 0.2181816409812192 0.3631454816670489
