0.1229315236478193 -0.4849789819321089 0.0378126213872114 -0.2159923103095749 0.2163619757030891 -0.6520224350945862 0.4250023852960535 -0.1579234737662724 -0.1552035555588865
-0.0843357457241139 0.7031164836724889 0.4771934358773540 -0.3815338630296513 -0.0910289107367420 -0.2427633622170104 0.2071578925618804 -0.1170799095738311 -0.0372909935119478
-0.0874023492186728 -0.3243524241410226 0.3688207756230296 -0.2244576643372129 -0.1219245401623175 -0.0171485449508239 -0.2761830545703143 -0.2446469348197576 0.7412539768917226
0.1578738565748307 -0.0492212659365540 0.0381638478446700 -0.5033465796506879 0.2697082812317241 -0.0635875307679174 -0.3297928622397258 0.7294557385110916 -0.0135615779417912
-0.3968618456826359 0.0888496214574845 -0.0450229228925139 -0.0002433862480905 0.5912904515733167 -0.1465414553164201 -0.5234132278265892 -0.3778936374541538 -0.2114603812664944
0.5366897478681290 0.0989146934753796 0.3514491850451246 0.5407007251320393 -0.0252939910856250 -0.3832076780504838 -0.3667650201678894 0.0546900042969813 -0.0362036880729230
0.5314770591800783 0.1009913245388990 -0.4354340009284212 -0.4323090211529627 -0.2485285964283096 -0.0007087525645181 -0.2854867746798135 -0.4227293821357628 -0.0941766127423363
-0.3728295738979277 0.1716107381605933 -0.4684302526495746 0.1049449835591021 -0.3677111795454581 -0.5858360007838481 -0.1477832075816302 0.2116693468988757 0.2367454159359046
-0.2796552013015879 -0.3247576088453724 0.3143216864763945 -0.1173811662210291 -0.5568221650662092 0.0082705893150683 -0.2821304775863922 0.0097996585908292 -0.5602999529367894
