-0.6734064375555610 0.6231435017267171 -0.3177937972715172 0.0550969706941825 -0.0191224975816495 0.0460906892864068 0.2047836683451650 -0.0399972608043357 0.0903394659335492
0.0515109727159332 0.1208756704811689 0.0958505300427727 0.5609854392940568 -0.4847529934027441 -0.5525473290567038 -0.0404566132298984 -0.2042747480527993 -0.2741984300820720
-0.2864711360028847 -0.0808967293017704 0.2965265027916616 -0.1279462025350417 -0.0685810459171685 0.3394365420738633 0.0806068507103461 0.0037202960496272 -0.8250211990526118
0.4493954386754951 0.2804705554858833 0.0193268143274517 -0.1579691706212161 0.1866214377793231 -0.1033303621566897 0.7457400015846794 -0.2706310177727115 -0.1384853784983458
-0.0465452201457264 0.1378800096252458 0.5126431832314605 0.6092274683030583 0.5349654368729468 0.1505678562235642 0.0516956254117187 0.1413206882905639 0.1155804108689636
0.3030191014907208 0.2416148157539589 -0.5211402791360020 0.1344345603856643 0.3434082811274798 -0.0997287338097221 -0.2562792715103250 0.4264936894995167 -0.4297567489788916
0.2281218932265093 0.2103843439547339 -0.1509145415471906 0.1494640241871573 0.0398859101716729 0.4615034377367812 -0.3876841039850054 -0.7019267941121650 -0.0317433240940953
0.2832501899605314 0.1324190982963757 -0.0580707054668356 0.2503111010844140 -0.5498823095814414 0.5540076534598831 0.2184466338901075 0.4041925013627784 0.1257820083939880
-0.1832787925944537 -0.6104819646920312 -0.4908978062294815 0.4083004654627928 0.1305344328480730 0.1189384919396102 0.3569760471613731 -0.1596115643692962 -0.0440156331502298
