-0.0080805961347218 -0.2042718972665938 0.4071040194591167 0.7051416553372666 -0.1807710422300621 -0.2957006732930451 -0.1507317003072759 -0.3300142887399852 -0.2085730688671985
-0.4294604092372099 -0.4311747500768167 -0.0001399027609276 -0.1897387225149906 -0.6384867341354055 0.3312773382402208 0.2300337090962029 -0.1338225960302795 -0.0736023802083770
-0.6278686629330073 0.5032048766823229 -0.2434761759761822 0.4001496869217972 0.0863310086707898 0.2922595967536995 -0.0806652008427578 0.0881713400559663 -0.1612935187514700
-0.0370725889269673 -0.1302107144546068 0.4757187075728485 -0.1084167725528992 0.0574092542841332 0.4349241211787790 -0.6822698010072581 0.2849575862639225 0.0667876237746714
-0.2519099371039229 -0.0921424832974338 0.0825026735576518 -0.1851838971168649 0.4800923356716074 0.1477091016651664 -0.0406818001813629 -0.7587418876694799 0.2393752055016086
0.3930266360058126 -0.2780031795672416 -0.5309750974064667 0.4232444682572316 -0.0269613990033327 0.4526891103071274 -0.1313492730563819 -0.0928855072998944 0.2750257532280058
0.2626032060576974 0.6332365682285384 0.1983488667512338 -0.0568955717351106 -0.5054538269811034 0.1353324056615114 -0.0419906852265238 -0.3135194637639541 0.3370690178067288
-0.2709468195689521 -0.0704082183660814 -0.3956000153435371 -0.1265224622901089 -0.2366996143235259 -0.5251751045296256 -0.5691053074683841 -0.0395125550259077 0.3030602371084953
0.2441389977714060 0.1023204533541308 -0.2531688576294698 -0.2494523989931679 -0.0786244787009729 0.0858639281626611 -0.3283500908718038 -0.3162821605914796 -0.7630223421769917
