-0.7067615146377920 0.1684617771775867 -0.0553624164607105 0.3843160249502545 0.1851035357665345 0.1648681029788639 0.0029298709869110 0.3113502727639536 0.4036738783223636
-0.1870524341733081 0.0448642705580751 0.1153980599819106 -0.3272157260561858 -0.2959710792727689 -0.5043927546849646 -0.4470433661244072 -0.2254012386613039 0.4999473173651416
0.0424885953020255 0.2446780835008804 -0.5617490336561709 0.3715927375691639 -0.4156520952691662 0.1898412660392797 -0.0224211698825433 -0.5216531509283068 0.0570361812399146
-0.1324065452116866 -0.0824657734582652 0.2304325379804887 0.1583313674219774 -0.1589675352670447 -0.4168257858494874 0.7962683016618779 -0.2330776685599972 0.1005838242085548
-0.1400713291661692 0.3691893776230619 0.4412400285623669 0.0003455764485268 -0.6716647842574425 0.1889302405263808 -0.0334669722231316 0.2586010721949907 -0.3075119070865108
0.0867329435079815 0.0859527589533733 -0.5929984433486583 -0.3456852765278857 -0.2527270973662724 -0.1805408135877144 0.2735372794858043 0.5753920093913253 0.1076079767613663
-0.5781648291430130 -0.5156656273098188 -0.1731369945607481 -0.3923533445229522 -0.1559165879633951 0.2269478977320121 0.0433252657676250 -0.2105410099886655 -0.3063933731028089
0.0887530159991335 0.3077167101795349 0.1435550027219921 -0.5058662572941658 0.1068835647865990 0.5452950407314985 0.2957714174899273 -0.2167152322772612 0.4215538140963473
-0.2772517377767927 0.6313878144894640 -0.1342862052132741 -0.2296537175960877 0.3596690322114151 -0.3024588644979813 0.0172405340303692 -0.1912187020276690 -0.4427214488067849
