0.0392789322360160 -0.3438338022985693 -0.6603516662818155 -0.2072131794807290 0.2441246621125763 0.5027842722347169 -0.1107167829942246 0.0130949878640193 0.2764331694382971
0.6019042652704951 -0.6304685051257789 0.2706043463412390 0.1026053963751854 -0.0781141389562384 -0.1798153477007017 -0.1831272758232601 0.2393271250939160 0.1649778468152822
-0.0515748062254623 -0.2388252919996412 -0.1638969155765197 -0.5358665623481111 -0.5051314907094543 -0.2478065234269646 0.5539974077039463 -0.0374077335129130 0.0375364550434897
0.1421178764461012 -0.0339890558668801 0.1612781176446698 0.4389208652049011 -0.3976470498577683 0.5294666577414865 0.3028195937319856 -0.4434049519713288 0.1822616811929324
0.1574778035555122 -0.2407722941133015 0.0785554933852573 -0.2353590168811416 0.0682254714825475 0.2410758134111714 -0.0882189306644453 -0.3102089001009771 -0.8299880765445856
-0.0339637624072317 0.1706774530271527 0.2182915320100566 -0.1814733872027753 -0.3155128146593627 0.5226306189919812 -0.0386321294645298 0.7077654600812626 -0.1183908722323807
0.7105017544532358 0.4760200068672175 -0.0941950552367165 -0.1450277961644185 0.2946220517643764 0.0258374259819575 0.3862459697456682 0.0449777805858091 0.0027864011252383
0.0244459676842798 0.1364455481004334 0.4547282539218196 -0.5975583398031474 0.0438158487988271 0.1417893121925152 -0.3301146166012894 -0.3626505068733638 0.3929582227122365
0.2862653057954630 0.3062359863001518 -0.4103211944068007 0.0171710253179555 -0.5727960355235557 -0.1452560093716741 -0.5368023196011107 -0.1176599314126138 -0.0664693338575748
