0.5403199918143498 0.4814944256238073 -0.1899041988142870 0.4569458185003732 0.0815190349889344 -0.2527600560074092 0.3286157162942135 0.1713287488558054 -0.1532302535670332
-0.6220544930192600 -0.1437532057613645 -0.0254694330712650 0.3292681369671617 0.0319774640942754 -0.3203563574178843 0.5135742763816568 -0.2343773206792481 -0.2469311761349776
-0.2241716151411511 0.1016566274719774 -0.2320277181002008 0.3101244090607049 -0.3591212010645151 -0.1948158197816042 -0.6686988632385764 0.1552304956883512 -0.3888741297831207
-0.4296067877135494 0.6581313470992363 -0.3581229228576717 -0.0701376579295867 0.3053525885973553 0.2098775532093848 -0.0901188260066164 -0.0911723642324190 0.3088806006776994
-0.0593524237168778 -0.0327205689508033 0.3661949197264214 0.0711974957587406 0.5367721188098189 -0.6061639426938166 -0.3075699421252024 0.1788536920323764 0.2721982845730390
0.2114700451769684 -0.0862686140135039 -0.2076286501561578 0.1749593805873649 -0.2525854215455586 -0.2726584715344148 -0.1475929552774369 -0.7092727236879383 0.4594825249297220
0.1804506810780119 -0.1682937422308273 -0.4595091602101415 -0.3855963395301512 0.4758390644973849 -0.1621673389133064 -0.0986368591572799 -0.2867145140202164 -0.4843821414979216
-0.0739937109937724 -0.0547125507014531 -0.4158454217051916 -0.4442884606647511 -0.3400121990437199 -0.4591951003069967 0.2144389014491242 0.4219700918983034 0.2658958065487674
0.0027930806252897 -0.5140019822027029 -0.4689502689406603 0.4471352493165383 0.2759873815923902 0.2693447862739660 -0.0296205833935666 0.2966216678658379 0.2799507699081285
