-0.2555813282984485 -0.0762812204712673 -0.0619465465597736 0.1122260202547746 -0.7243376888450435 -0.2623322340594548 0.1163710300625865 0.5325564305635047 -0.1475989461186427
-0.4328638509932022 -0.3863338242716452 -0.0648092005059781 0.1138034309039667 -0.1657032923168093 0.7052258823508977 0.2555394894053887 -0.2355145281600971 -0.0255921771049437
-0.3024194150379244 -0.7019993974397204 0.3419174241216315 -0.0419966768971641 0.2930029417940898 -0.3643262674751937 -0.1481146211341638 0.1124273164888915 0.2095373524100306
0.5199846945191509 -0.3784025277784520 -0.1321213047197749 0.1516385240945965 -0.0596340447508829 0.3621575056401049 -0.5371939252139832 0.3307202706907911 -0.1153675620304509
-0.1257966647759934 0.3042976339697554 0.8342933271576704 0.0226712942060896 -0.0257464116133346 0.2729124744227198 -0.2027622292832875 0.1542186687764208 -0.2344755636335156
0.0185747538961544 0.0999171200168430 -0.0234345381397212 0.6633177022334470 0.4343022988969565 0.0674813388306426 0.3921613776993156 0.4419317907998195 0.0828584586812736
-0.0352915414389205 0.1222412692193725 -0.0457196249827410 -0.5787761956222827 0.0873310463549997 0.3002710014910341 0.1175201263140664 0.5049336929371522 0.5293212730743243
-0.4048829595323679 0.2843821757362556 -0.1713324237321195 0.3540650709633015 -0.0802324382662635 0.0179809522100276 -0.5864535282568738 -0.0836736671167915 0.4927373652762868
-0.4517963698776144 0.1026600891452246 -0.3599433455033492 -0.2210154199592826 0.3938591980580060 0.0206307296814380 -0.2408325346777673 0.2405292788865269 -0.5792482885318762
