0.0724521872964304 0.2545859445159402 0.2608553968088541 0.1563829551496450 -0.4899187156945791 -0.1003399308822644 -0.7570150591564450 -0.1178635095230331 -0.0195819897161555
-0.6149464079882282 -0.1282620478934789 0.6837359583743731 -0.2134079217873369 0.0231289511250564 -0.1399052059617712 0.0607387106769890 0.1756165312913383 0.1941988373909038
-0.4851356290496398 -0.2679718405747668 -0.5403015122707569 -0.0244197284319747 -0.1724715030039180 0.2917717655865770 -0.3215826272306636 0.4080467191106926 0.1245703541429855
-0.2501562702671772 -0.2566470943160463 -0.1174836471140388 0.3451526320925257 -0.3502772841602340 -0.0269166887363832 0.2425845340061636 -0.6501200792517868 0.3656491557887059
0.2437861945881073 0.0592859132509601 0.1129055327689846 0.4041080099208297 0.3651601073528582 0.1206269591734904 -0.1421554651113982 0.2346279565056406 0.7333834653779581
0.0096601167744732 0.2531890059421669 0.2031252804721832 0.4195896372699722 -0.4470025030668384 0.4178731820215859 0.4235070808260982 0.3692609391951334 -0.1683613477514700
0.0611035306878754 -0.5648182974410589 0.2918828592324955 0.2749401906923284 0.2800455873576975 0.4611074783914311 -0.2321223040936401 -0.1750256638501698 -0.3753645597957190
0.2676697226833182 -0.5561765314370080 0.0112965181528009 0.2341959234436893 -0.2386584389363565 -0.5950813816522405 0.0668016572390792 0.3795664428590475 -0.0665762445477342
0.4286619988979997 -0.2916961948289675 0.1392864528496056 -0.5835033686945506 -0.3721123288214245 0.3585977458648697 0.0553779533893071 0.0004448557224488 0.3180542079257671
