-0.0153234927569947 -0.0281924502442266 0.2310470074265220 0.2045551151410588 -0.7025404134915571 -0.2274342428767240 0.3730214881549651 0.3666067275444233 -0.2913931550669253
0.1062659997081869 -0.2662945971958766 -0.0303176846952911 -0.2245335258804716 -0.2710875618131574 -0.3812723125424847 -0.5008476375971404 0.3153379471822975 0.5452676765219340
0.0689999994085200 -0.0861837402558269 -0.2085339971399313 -0.3839390959286763 0.0458610609018821 0.0937498084140503 -0.4089024698790530 0.3402680045633897 -0.7092530559426555
0.4897067067955593 0.4948884018965640 0.4672680026959238 -0.1700549785343298 -0.2408473725801258 0.0232489485582905 -0.2912710702771476 -0.3463087862290195 -0.0685430275982628
-0.5157028598216233 0.4997460948035369 -0.4468564484842272 -0.2616285093444759 -0.3177854047307285 -0.2213354515697961 -0.0374283063866186 -0.2542730928779581 0.0118999657349447
0.4777358329475974 -0.2727604927714362 -0.5115137058237468 -0.2075128175761863 -0.3730457042489831 0.3384263206188604 0.2561552593691264 -0.2542570381800272 0.0932990701144159
0.1171286598071603 -0.1006157052926615 0.1654629941854619 -0.6285984903821023 0.2714756500665386 -0.4881124011757386 0.4850601444355332 -0.0671434638866929 -0.0435770481061299
0.0235432562837044 -0.4124463599200481 -0.0730612449968170 0.3262244071071548 -0.0394148488587507 -0.4917855349228850 -0.2235813105294216 -0.5701161103549575 -0.3148743901702645
0.4852264375544905 0.4142103815528451 -0.4356941579647222 0.3440123591605083 0.2396551431691230 -0.3872299878866577 0.0753538710029234 0.2675954498534749 -0.0119991561676161
