-0.2793162386144100 -0.0065744667005212 0.8006092069312415 0.1710071415029680 0.3522379853711605 -0.0262740700142957 -0.2132099094908056 0.2852847955160204 0.0106238135652308
0.3254958898685443 -0.2066435111789399 -0.2996595991662553 0.6795852534603503 0.5034402731143173 0.1528988647667719 -0.0189121684173162 0.1226453763153890 0.0865399502362862
-0.0350172554899277 0.3787735943211848 -0.2352135567127177 -0.1895503669232106 0.1245651356365891 -0.2219008177577896 -0.0946723189364168 0.4778562574662267 0.6796938284923797
-0.0588534227885903 0.2710353996629586 0.0732017115959144 0.3890179004990845 -0.4376057212904539 0.3498493685523846 -0.5057322708578447 -0.3073379207120160 0.3197930486878382
0.2930230384009151 -0.4520027891128735 0.1247092547975648 -0.0860869809035514 0.0195940644265319 -0.5906042783601009 -0.3390521253596442 -0.3650175353999514 0.2991256011258031
0.2213352380900172 -0.2797743505455364 0.3224079606474048 -0.0948075658852815 -0.1123251427885743 0.3989924830608611 0.5496292938003402 -0.0712339108319532 0.5299274361845473
-0.5320799824647327 -0.5760452333277241 -0.1913820558335290 0.2327293963312349 -0.3919065585823132 -0.0945026306252347 0.0213444035745296 0.3511622362108396 0.0893348792437600
0.5689606553213287 -0.1741665794247055 0.0915974573130482 -0.1920978512806348 -0.3010468758648270 0.2112896158024369 -0.3504015488008520 0.5480722934268318 -0.2054777097810656
0.2639465992802101 0.3091654819553854 0.2098300211127154 0.4628090028416221 -0.3977941874322930 -0.4926607277858464 0.3862257802639616 0.1369571854413277 -0.0874394326512513
