-0.1040210394215673 -0.5033742682687410 -0.0396007553835401 -0.0511758284386913 -0.2179813968413045 0.0833006347643965 -0.2505781214748420 0.2947735509359750 0.7262720273733050
0.3219426606765641 0.0141443986767639 0.0168205758483087 0.0300594297557814 -0.4180768744818970 0.0254406058119480 -0.7768853120134341 0.0073641527513011 -0.3404788421691869
-0.6654753982374210 0.2273553975439087 -0.2355407337775259 0.1035628004778647 0.3600547240358749 0.2222693932733018 -0.4052294704210133 0.2869013477456627 -0.1169655167753273
-0.1312978552591200 0.0138337657896900 -0.0117178905395960 0.0676659423210484 0.2438805203836305 -0.2555841013429793 -0.3341881610570510 -0.8039016778212806 0.3084038516994979
-0.0214214679467967 -0.5524246041865578 -0.5620290585420743 -0.4714564211589352 0.1331144018366691 -0.0715766000611336 0.0266318016662741 -0.1176710953342905 -0.3447056200772448
0.4735187280923527 -0.2789936642608171 0.2022014720629398 0.1875655183683654 0.6795680454659832 0.3663210796339095 -0.1423604695272764 0.0726828963364310 -0.0179755933537759
0.0501224216396435 -0.0892737133421576 -0.5189228094843604 0.6613953324350274 -0.2444589748637372 0.3802175567579783 0.1772874693092235 -0.2168393166289497 -0.0041907178958416
-0.2413119592161584 -0.0677875316726748 0.3436044704726055 -0.3459177744065488 -0.2108669733095989 0.7265298024069595 0.0591967574509676 -0.3437755342980307 -0.0738508078289825
0.3741835514614366 0.5467696761984743 -0.4454493123712485 -0.4081894887467726 0.0694368915811318 0.2568298589833800 -0.0430848850148720 0.0124030103472450 0.3509880938576983
