0.0658764601585068 -0.0691001654917777 0.1106199200165833 0.0653883148634444 0.5441262354010564 -0.1294944086437214 0.2684918637543118 0.2163223943704567 0.7366462105859862
-0.5789675702620526 0.2798644599759801 0.4475119778997110 -0.0904409754841659 -0.1029916929678859 -0.2161133606145750 -0.4347446166373297 0.3444714018758046 0.1142374472536579
0.3890531547073071 -0.5614138574144394 0.4632861946756644 -0.0060957801915306 -0.0892856536562400 -0.5002062304534892 -0.2187543243645975 -0.0856437430561766 -0.0735823397014181
0.1062616766853081 0.3937543194898796 0.2154410846491809 0.5349101168889410 -0.4175433449297836 -0.1129899235341551 0.1124440929157979 -0.4423716488229889 0.3250796524187568
-0.6196344332513787 -0.3539239385457442 0.0039589933357821 0.1618895258759748 -0.0597022056270315 -0.2804043989760872 0.5810909430992172 -0.1189659471673377 -0.1748043522847703
0.0050468796661108 0.2309355458989801 -0.5140071845351854 -0.3993106098585289 -0.0719048032351730 -0.6735339824350769 -0.0662461383312925 -0.1934671900807906 0.1495142904270000
-0.0519118634907370 0.3032061451461501 0.2333460617399752 0.0539850684908695 0.6863286852770603 -0.1178936054926155 -0.0804840097853608 -0.4712904285269597 -0.3666989358077945
-0.1497429831916528 -0.2409243545054652 -0.4557545220814407 0.6476920644920322 0.1742568534143713 -0.1026163976371638 -0.4974804116859874 0.0598512492131896 0.0187294291907484
-0.2978470060464288 -0.3436585166612463 0.0081040416262974 -0.3054541320503862 -0.0292883765830617 0.3418326168595855 -0.2870408300304907 -0.5951783415916827 0.3814197678171293
