-0.1010217528295103 -0.5865308389960777 -0.2245392286904473 0.0913951544467824 -0.5325102824587885 0.0110231500679289 0.0694813195359885 -0.5177740727986261 0.1743527627996199
-0.0472104076027106 -0.0551299705773670 -0.2326589132657728 0.0640826559634697 0.3329783405378461 0.5392648507005625 0.7248131352086409 -0.0176322597072882 0.0956502745368799
-0.2119784679911299 0.1578292688259047 0.5630939378360400 0.1138091357708204 -0.2020936520175781 -0.0566842689245994 0.2134735361804009 0.1114049151854058 0.7057554764160632
0.3672002352491774 0.3253342900401460 0.1298668979424628 0.2354444538291764 0.2707318068141229 -0.2897822962714547 0.1407120281889675 -0.7138206084677330 0.0203189205769423
0.0998613620013957 0.1936629286484323 -0.4749411898278855 -0.6287535332954417 0.1008255262583752 -0.0981900569167064 -0.1219897912106745 -0.0847819505834454 0.5382802956573528
-0.2181880860530328 -0.5676316976280887 0.0378678802907327 0.0925765796193564 0.6479454731805940 -0.3950548354918324 -0.0799916472123887 0.0620848327350438 0.1844694179544224
0.6224423653948166 -0.0953745730371021 -0.3065477532772892 0.4113009683301060 -0.1534132079502052 -0.2525614739000902 0.1395656693530270 0.4344943276010273 0.2115239318362663
0.1913065710811139 -0.1919767058786115 0.2751603518434296 -0.5510230602382602 -0.1449421072526477 -0.3954879552885312 0.5344447139300419 0.0822408599309797 -0.2781968001202633
0.5711250864013544 -0.3413610171208837 0.4059851184826833 -0.2060519364998917 0.1299142740916824 0.4857750448365312 -0.2793877925841475 -0.0552884381611367 0.1266412723816554
