-0.1260582865358176 0.4659553685208894 0.2672450200171522 0.4662442636681068 0.1580540623769411 0.3207208579155969 0.5316288635766007 0.1442790953686184 -0.2165701445969119
-0.5517839331786282 0.0180852340715020 0.4414144208960800 -0.2244114731611882 -0.1599937291877864 0.4532947219956202 -0.2094892601097450 -0.0757700498683200 0.4114599205344645
-0.3399775587905108 -0.0287375942353605 0.1270826280489275 -0.2857461888582752 0.8277836012117743 -0.2739198253509006 -0.0258937837777886 0.1058162576831897 -0.1168896993483562
-0.2677620996283917 -0.7200526379073720 -0.1424761504287405 0.3322429004121572 0.1049645961958856 0.2772921772415535 0.1380754836117619 -0.3320025114176966 -0.2488851814667725
0.5004740830851477 -0.1234897898215525 0.1594834591832993 0.2469548666538871 0.3750579167416195 0.4456852189222400 -0.4808707342443393 0.2601733812969219 0.0981003434668123
-0.0050460954034417 -0.0872490048265804 -0.5537269287908375 -0.3593032243330949 0.0850904306667954 0.4148980814436329 0.3768421000699708 0.4211720364463267 0.2405684462840013
-0.1374003244433644 0.4898950133233259 -0.5198181634232634 0.0110578216551169 0.1639699225731004 0.2685992964936136 -0.3475091409961872 -0.4811025523110309 -0.1397742530572665
-0.4534873010747960 0.0151796346429509 -0.3015011393146309 0.5177807297519860 -0.0917405470550862 -0.2478295515390988 -0.3121173725188443 0.4902921959169966 0.1657694759304876
0.1316554772542041 0.0129308064321129 -0.0641998057180455 0.2862077484738040 0.2645115825683495 -0.1881441016478049 0.2496461202505666 -0.3675561431505589 0.7705049352157046
