0.0490189411721163 0.0037692363826608 0.3915439614270317 0.0526509820789270 0.4033909883780962 -0.1051881561737862 0.1729897143180324 -0.7490533477365500 -0.2769637880672163
-0.3951467950352441 -0.5466841085536807 0.3925094032774503 0.1961224010968494 -0.1774962362945633 -0.3313185408336150 0.0028933642090493 -0.0276556354623549 0.4587131705400486
0.1842133104968849 0.0937346322750326 0.5658769640887891 0.2704549759228158 -0.5759808406231306 0.3355997892860884 -0.1535482474955752 0.0477280375978512 -0.3060726470049008
0.1092076485930204 -0.0776546387450998 0.0500675056783129 -0.3023103858192472 0.0304234168479793 -0.3476015706329209 -0.8599535103988354 -0.0662908250601457 -0.1499272234702797
-0.2042179474780481 0.6488483088499057 0.3540316930855127 -0.4207328198541226 -0.0460045981653563 0.0337017460655831 -0.0096048000056799 -0.0627593069333150 0.4771301112788319
-0.5328655287284045 -0.1733113494354445 0.1924426929396208 -0.1074411194543522 0.4401804583011285 0.5533701670693556 -0.1954508792601702 0.2448243694088367 -0.1982985741296167
-0.2605264990894828 -0.2689593586270206 -0.1906876299426690 -0.6182894673743172 -0.4867155837671578 0.1171399519147942 0.1984032549529465 -0.3052350018801572 -0.2408258358956563
-0.3480861861748204 0.2510154311579916 0.1514121952887688 -0.0122711205585944 -0.0145990254857841 -0.5690226075764104 0.2374942672845900 0.3761057982305259 -0.5204729283056425
0.5300062339176757 -0.3160965344520303 0.3850274615237840 -0.4724767388779599 0.2002768923003480 -0.0290957053086776 0.2700155659805298 0.3646644056021341 0.0291552699486540
