0.0371289358612461 0.4169324445928753 -0.5858182073999844 0.0159800408892817 -0.1664502351832439 -0.3370308987811250 0.0085454819253822 0.5680058676592428 -0.1317241301244028
0.1469997985098799 0.1984405368889463 0.4311989840263504 -0.2490102802429987 -0.0875916609924133 0.5402705805920695 -0.2330600991102869 0.5729110243038997 -0.0946840967126244
-0.2395375054590166 -0.1775065521103983 -0.1255879302369760 -0.8159876654052026 0.1616810815272717 -0.0923721682955190 0.0678412308129474 -0.0689427187917982 -0.4306693493268887
-0.5225834235515111 0.3461422705427383 0.1264935780581916 -0.1176943350267491 0.3357486687537030 0.0387709207516826 0.4405407165456264 0.1441437579745454 0.4981521990536345
0.3525366066996653 0.2190213706239156 -0.5168240969321145 -0.2631885023306128 -0.0217247976877171 0.5375594232095959 0.0598053533302895 -0.3278279243569437 0.3014669411839918
0.5179618817623918 -0.4766366589381538 0.0498057933561650 -0.1447567593788341 0.0423282406703966 -0.1557870891656747 0.5277691484442373 0.3405314108132225 0.2460378732040532
-0.0394972228220524 -0.1184566706130994 0.0426489215222133 -0.3525149395172034 -0.2413052859239682 -0.3370828429720926 -0.5523316142071743 0.0241323743542112 0.6171033996836418
-0.3297831369338892 -0.1231260463913643 0.0082273490229186 -0.0332916880733854 -0.8538380450945532 0.1626251725980899 0.3435178521269429 -0.0376294035230118 -0.0004390609314252
-0.3790215458634987 -0.5754309436587671 -0.4094351310545482 0.2060409323730920 0.1903228425065177 0.3621747241609942 -0.2043030305440662 0.3133378972582205 0.0884207167345437
