-0.1933629811347324 0.4978044232663242 0.2389254201785495 0.0026169922909107 -0.3090881263654073 0.0866206931944206 -0.1538593936723496 0.6701804828766874 0.2861050535160317
0.2570297310133313 -0.0242429782186982 -0.0103203788007792 -0.7952008170126266 -0.2935804543231261 0.2094829863676595 0.3498714442798123 -0.0719681177615806 0.2079305257808215
0.0307596286853683 -0.2882848158557837 0.5710934988808075 0.0794989703242406 0.3502837172256433 0.6696000987669039 0.0521194014695343 0.0950130547783656 0.0259027418177347
-0.1263677937140183 -0.0390296897300982 0.1868834144331809 -0.1060955515279425 -0.2255401653798956 -0.0643192297271126 0.2689610145526645 0.2599497538191739 -0.8610499149381963
0.0320430159347786 0.7430251372581691 -0.1369109240930884 0.0242944080773933 0.4442963410200526 0.1998683772246087 0.3779241201518996 -0.1701708274046797 -0.1357229279894968
-0.7774517352104043 -0.1135577345345580 -0.4291575096438006 -0.1214543394993575 -0.0645754049473970 0.4150935416421034 -0.0389326591467268 -0.0754601866377196 -0.0079682323056496
0.4699047138705216 -0.0872741878843192 -0.5748804948363859 -0.0142618902884521 0.1325358556433499 0.3295365524618238 -0.2766565268169700 0.4455019763087517 -0.1992758238936578
-0.1095878248692746 0.1619411577804458 0.2015215223061072 -0.5417978165799856 0.3502212893850631 -0.1417724337124971 -0.6582533541902185 -0.1075351949709697 -0.1999852521920595
0.2033558799929638 0.2610519992757369 0.0878388399524604 0.2024421132686377 -0.5503799343078963 0.3939145839583705 -0.3531035194155811 -0.4736973464023399 -0.1861228781246761
