-0.3928424589534358 0.4091181167186734 -0.5006482472776962 -0.1399608075038614 0.4678583364254916 0.1536425361431991 -0.2656118455533063 0.0788290383870812 0.2979905236916328
-0.0720232331580308 0.2593058969004292 -0.2035027722725983 0.8282444539026912 -0.1517741352602986 -0.0766768989458426 0.1908444230882213 -0.3416874993947628 0.1344774179646650
-0.3412798538668674 0.0481975650206032 0.0989014181273267 -0.1102972415165101 -0.1620405291712696 -0.8610514924451781 -0.2828965202714887 -0.0842726833856935 0.0667753846415863
0.4957701389880625 -0.1984685316148463 -0.4324591344623404 0.2752121962931020 -0.0369846415265375 -0.1794026527713977 -0.4681597794103721 0.4430450726858403 -0.0551712267308163
-0.4977874134808223 0.1229458120002141 -0.0526322359862534 0.1536904403338555 -0.2440425072207260 0.0632956920572064 0.1935107512433306 0.6151010458261396 -0.4809805788075080
0.0059711232561609 -0.2362895792982904 -0.2184978879268375 0.0523643744165965 0.6208625991610500 -0.2658064130931699 0.2425334445039637 -0.2289887250052657 -0.5711974277818489
-0.0736080076077787 -0.1545264195862838 0.5366139465114247 0.3615461877797607 0.5154672534868261 -0.0843876131383524 0.0331515317205741 0.3991587209138034 0.3446430126548463
-0.4224548338467744 -0.5061255931478851 0.0858336428496623 0.2034543586891328 -0.0477583300720837 0.3306150891536732 -0.5570449720709821 -0.2730196120975225 -0.1420623181527672
-0.2156694187961964 -0.6104752957549968 -0.4065736582205159 -0.0896814436878427 -0.1320368593389373 -0.0763717191787342 0.4314599934222276 0.0948276754999380 0.4347934319756626
