0.1698603587120864 0.3767991998455487 0.1256566738543231 0.7048058279290003 0.3393125616119900 0.3158048309744241 0.0123289695880898 -0.1157911277300809 0.2969910306399122
0.0260216358122510 0.0585537058418322 0.1711721150945012 -0.3052197453724510 0.1663157242610875 -0.2323215709412982 0.2679767872022031 -0.7940804792515072 0.2990413910850013
-0.1901444866569143 -0.0819835788485905 0.6438049409347928 0.2261762147164912 -0.2690159648491273 -0.4997284051020891 -0.1027938700380169 0.2199002834204244 0.3323589961807310
-0.1290771927079154 0.2389077185710259 0.0482983305086618 -0.2517153431156118 -0.5604098035697191 0.5413106537472031 0.2338761318661121 0.0883114295673708 0.4370303332652487
0.3294206713308880 0.3488168999526126 0.0136715391133101 0.1793403214679850 -0.3234680917268710 -0.2834335432603377 0.6252332385850690 0.0463346472114176 -0.3992859223001428
0.4061553078513840 0.3505235321527299 0.1127861197240759 -0.0844585453986596 -0.3655194623942913 -0.0073576143433580 -0.6731483549210326 -0.2723321705195151 -0.1771017614464911
0.0877613940955931 -0.0860110694184003 -0.7024224144267997 0.2537807255205513 -0.2813059201603241 -0.3701684827724251 -0.0781063408078306 -0.0604916640865363 0.4485315601553093
-0.7882223808593371 0.2741778632199333 -0.1249919177260007 0.2449171928303706 -0.1743893929423439 -0.0254698761584717 -0.0847135903245737 -0.3023940249197746 -0.3134416263623405
-0.1231981686039550 0.6809436395962476 -0.1271421608194101 -0.3631639755042597 0.3507086586792240 -0.2923801729238472 -0.0738207967384390 0.3584138189395896 0.1751915076555988
