-0.4852922412695409 -0.4324641723385842 -0.0318447211930983 -0.0217577760504988 -0.5964285209956173 -0.2819320759157635 -0.1352629393256472 -0.2757023588633495 0.2155415588593992
-0.1486302182964226 -0.1720514693569215 -0.4524795771264875 -0.2821428989430769 0.4154319515139291 0.0993625184559695 0.3446538743546293 -0.6003995604308821 -0.0473542529756004
-0.0559878516643547 0.1458170996949905 -0.2043988860950520 -0.2291231346004947 0.4123963017277886 -0.4636466562575343 -0.5058979740160751 0.1143971711666599 0.4767263513111529
0.7037872707248368 -0.2659783387772976 0.0029091305419204 0.3548009763268944 -0.0351155948526143 -0.3839543229681549 0.1639788015647014 -0.2790697880787234 0.2337173162502972
-0.1591000199703614 0.3221009933492787 0.3991614702828181 0.2719304619269937 0.1648246938778600 -0.2403117841089965 -0.3093867064071931 -0.5543269919329585 -0.3869710543001350
0.1827922443660005 0.0779255439513137 0.6003763582629161 -0.7009062601937197 -0.0884645471079590 -0.0349593750136108 0.1828517183100445 -0.1680880729567937 0.1950814258306564
0.0184999004630863 -0.4158523780133597 0.0237239238145897 -0.2489664626203540 0.1511597798777759 -0.5048447994568267 0.0539336764471153 0.3146176585188888 -0.6201344742991851
-0.2272654923081834 0.5369002572418039 -0.1205223474995796 0.0869526162878065 -0.1406943072711300 -0.4833630778306130 0.6054242721409201 0.1174330512385473 0.0651021668192113
0.3650091307601578 0.3469141124703039 -0.4664661473363413 -0.3267721246589104 -0.4719620486496254 -0.0277885314421535 -0.2854707706898790 -0.1556763017658037 -0.3046296034050773
