-0.0514157920437352 0.1346756808530108 -0.3430685430242783 -0.3660163685820974 -0.1993922088530564 -0.7996608601397199 0.2078034875643666 -0.0515223845533888 -0.0500327921246504
0.1601669903442279 -0.1197716641603173 -0.4220724344772058 0.5087701790220877 -0.6138894684893584 0.0919641678067878 0.0219610539137632 0.1051105374495051 -0.3551912836855495
-0.0861801363406486 -0.5564931837071420 -0.2691267542194390 -0.1557256236801343 -0.0543559317762737 0.0657458359843338 0.0829714999877677 0.5461323697719289 0.5232463315581596
0.0539069026578087 -0.1298841938612086 -0.2640546107804679 0.3311073300882064 0.1483459481858253 0.0220618589688486 0.4210292135737768 -0.6360995488562815 0.4432671427212610
0.3538778236414298 -0.2650360322151172 -0.2989405616198341 -0.0515437743916572 0.6279050080749961 0.0096946479935247 0.2265825188234521 0.1297018898421328 -0.4999832637918726
-0.6469659647286383 0.2346824075982096 -0.5637328012766701 0.0790295261021189 0.2763343270231368 0.1378209305002947 -0.3227645333678806 -0.0083317915801890 -0.0521271415777334
0.3248949726040970 -0.1088097810004811 -0.0114829207670052 0.3864006323105018 0.2164223889103543 -0.4507357309183165 -0.6588412377798665 0.0086904291373055 0.2213994862457515
-0.3517489341967083 -0.7087305159325599 0.1734112255071311 -0.1375953708620558 -0.1046648968639557 -0.0932869582218814 -0.2171313484098333 -0.4095885903654903 -0.3006721983043994
0.4339256295315446 0.0387840000480791 -0.3530458133337940 -0.5442077062593048 -0.1732126708700486 0.3410602721592231 -0.3680369183603257 -0.3141395892647174 0.0945588816376337
