-0.5519033513052138 -0.3163400375112008 -0.2184003543004039 -0.2488909203359159 -0.3395709351334361 0.1419604550768519 0.2389139548537050 -0.5401658172693710 -0.0369606241578234
0.2790055821743142 -0.0498086955272935 0.2301382523974455 0.2708781104314134 -0.0087632114586075 0.7786317562021601 0.3849945148318063 -0.1047462185663869 0.1667323023350124
-0.5164927666775987 0.2207842257098962 0.0735053162849206 0.4984622645572026 0.4132876134213904 0.1803576927367944 -0.2090640275390490 -0.1381043729451628 -0.4055930876672420
0.0406685809810645 0.4850946892111444 0.2008226027976400 0.3295300768925016 -0.4359779421106578 -0.3868463501977292 0.4734413549630913 -0.1666063744259402 -0.1499271636226732
0.3550354988678805 -0.0970551178818476 -0.6453649728535242 0.3111950713928203 0.3511849932853675 -0.2002948496016560 0.1716836084304250 -0.3908980567620832 0.0739344271723588
0.3905826521732700 -0.1721242232759239 0.2483296935133051 0.1195621103260802 -0.3097396894142953 0.0030990140740374 -0.5811765777859194 -0.4985884946564687 -0.2440301785014815
-0.1433093837277198 -0.1416395296025191 -0.3969373199744308 0.5252662807556590 -0.5235402391579022 0.1031417231371676 -0.2436381561221188 0.3835499819428271 0.1863706673971124
-0.1083392384145693 -0.6811288857486635 0.4363517478434760 0.3398098916842679 0.1544915535597323 -0.3672039453200704 0.1924134034193096 0.0585620793429306 0.1389015030649749
-0.1956013311422362 0.3005674353642905 0.1657686701616437 0.0714895756667376 0.0806211627106741 -0.0761330300313725 -0.2514376992831736 -0.3138259615684056 0.8153561575802437
