-0.3464307361172714 0.0948625737775246 0.3130105806420036 0.5477395313202934 -0.4360754143781528 0.1356280406850152 0.4978798427817404 0.0656873905971905 -0.1106196900545230
0.0651060821519376 -0.2082994662703145 0.4645370611256100 -0.4205028309978900 -0.4537601759786265 -0.0017804458964107 -0.2160238195310144 0.5542031264704481 -0.0068084576621342
-0.2638674368764528 -0.6019975345956640 0.1691760282193143 0.0692638744126827 -0.0599228601741352 0.1675641555572822 -0.1723088236123263 -0.3932704865285124 0.5643885448927590
0.7161281705191951 -0.2981949883766092 -0.0850344939128053 0.5685927183670569 -0.1427350378614748 -0.0987113252242863 -0.1231784228087700 0.1418821755721454 0.0478639259700539
-0.0934946032143828 0.4816012955461346 0.1762690765653256 0.1798794484715943 -0.0050607097275157 -0.5635679212811343 -0.2030265357728034 0.1026567626511591 0.5714008664120366
-0.0130881217178381 0.2295910248605895 -0.0225121585075617 0.1677669251882383 0.3170330602051905 0.7009344262050143 -0.1233418261533952 0.4517672205459065 0.3276251900640875
-0.2649311813265101 -0.3896674188104347 0.2532327072325131 0.2075178147012324 0.6259170828527826 -0.3213360831019119 0.0427558240345888 0.3552857109467947 -0.2183924326660816
-0.0398026168202530 -0.2312079678475918 -0.5188529855969555 -0.1974795938699212 -0.0827035818819554 -0.1681088204147672 0.5702746719166889 0.3615669314817585 0.3817167946422744
-0.4610813847685003 -0.0796333689402434 -0.5342897081722839 0.2291275205865192 -0.2843030888980039 -0.0578348259803731 -0.5264141665848459 0.2053319731205081 -0.1991264994980198
