-0.0660508172614488 -0.3570142192744099 0.5808289285100226 -0.3816214915679679 0.4141477700561106 -0.0710273337425437 -0.0301611371630903 0.4129665676787093 0.1927863894521296
-0.4279973406452535 0.3484295519496310 0.0063729659405513 -0.2704352972044382 -0.3047115951036236 -0.2347745029218223 0.3382034597260922 0.4493472692005107 -0.3974625606750909
-0.0526102455851755 -0.3097795155300195 -0.5515909768501072 0.2012983993442251 0.5860648046751008 -0.0390186858732913 0.2667249379813634 0.2435313469657958 -0.2846946432129891
0.2865887796326246 0.3270434816129388 -0.2119366426533696 -0.1958577845355516 0.0260232246017362 0.6880697820937201 -0.1203518765932285 0.4749250521213996 0.1160879308094350
0.0065153933864335 0.1473568733626754 0.4292192710696255 0.2686385361933305 0.2229094235742457 0.2621625269670290 -0.2794495409565229 -0.0901379164637590 -0.7191751971160997
-0.2545114057383566 -0.4503847802198588 0.1868163090316205 0.4679477756764582 -0.3935919278058577 0.4326038342955766 0.3043535847933268 0.1911919183547688 0.0851815867001804
-0.3579001201443689 -0.1100527357631185 -0.0638113704713958 -0.5282746857391937 0.1194195184368749 0.4537280105725287 0.2579175425175154 -0.5305074445870346 -0.0925209613821524
-0.6297324288606304 -0.1023269278067698 -0.2492950451282863 0.0175249282576425 -0.0246815161758224 0.0234437740519554 -0.7128860132007397 0.1099077433044060 0.0952163726095481
-0.3715920685750418 0.5487021088644571 0.1675648183978071 0.3630777041705324 0.4147407497375362 0.0507895820871013 0.2315834230267307 -0.0669870817776394 0.4101637728786945
