-0.5369793379564789 0.2557378218568882 0.2459990004406376 -0.0138470275594752 0.1597095576369160 0.4971758623961380 0.3630319027711489 -0.3643787378194779 0.2197478116733150
0.4686977068618924 -0.3296815860022378 -0.2989463856688469 -0.1421914668109773 0.3397277637570820 0.4433259440080772 0.1209237108260444 -0.4052294348740549 -0.2669435743163732
-0.2375520194743813 0.3066577227948779 -0.5317351401793377 -0.4890527089798349 -0.4176440768170459 0.1366333183782783 0.0718510090329483 0.0898329258430488 -0.3482635596439140
0.0343085913466492 0.0760212940918672 -0.5647328893265587 0.3692356064603445 -0.1346104928203250 -0.3536253440012789 0.3212235283956906 -0.3869508167524463 0.3764294828535991
0.1810745012129878 0.1181029753996774 -0.0002942449805757 -0.7121689907911143 0.3211335901843279 -0.2425400474702496 0.0720966477188828 0.0420551250661751 0.5264598148572108
0.1069491288062643 -0.3491898602569368 0.1754406284261346 -0.0575779432217345 -0.2241050115852994 -0.0286509718421381 0.8081388889981068 0.3545769495882711 -0.0517347097948350
0.4691540786426643 0.4879057387312703 -0.0890322764240930 0.2439344035542400 -0.0780487370104711 0.4753885373410277 0.0252705816159874 0.3965353815886490 0.2905975278497563
-0.0159889374729058 -0.4841371120404034 0.0161271355808994 -0.1366366472920755 -0.5719946634666894 0.3167240233948200 -0.2855887305442653 -0.1181877871226430 0.4726570370467318
0.4120440777673746 0.3431725481030732 0.4576939187482281 -0.1241326054854020 -0.4241603525893426 -0.1631067146499695 0.0689366027876192 -0.4965020068293510 -0.1725611489863236
