-0.0121281704328117 0.0978722353502368 -0.3303449143141627 0.2722389997378629 -0.3655741299492407 -0.2803715164884306 -0.1225796714817501 0.7233670399046683 -0.2376842771636658
0.0429366825468572 0.1446099898058688 0.1840764186555273 0.4664121080369340 0.6157996398366901 0.1784132048506294 -0.0136239938319806 0.0856006811226668 -0.5543162020066226
-0.5347739396499177 0.3112314846393350 0.5598016682675285 -0.4124149553518440 -0.0930353302650969 -0.1199375177056906 0.1119029353953806 0.2083969877744868 -0.2338709921153304
0.1913908801172096 0.2500340231000761 -0.1213674661240446 -0.0032687011051300 -0.5142583839720293 0.4497035900423721 0.4101728873497634 -0.2446291083120573 -0.4374146425614369
-0.0581212542467691 0.5348947482268461 0.0234872167449397 0.4244675861505408 -0.1002472325448813 -0.5561771180909262 0.0919912231055884 -0.4265216387002052 0.1414904920919592
0.4513459298848955 0.4492832445285400 -0.2241832051021422 -0.4451880454141556 0.3795859381703054 -0.1363560042637038 0.3341701290806016 0.2438244025284452 0.1103741534020011
0.5579086315040924 0.2497344978094173 0.5308892480902043 0.0378230516653502 -0.2280381645168436 0.1459903679932585 -0.4887401690348049 0.1079072291711646 0.1388205588645304
-0.3770687449908357 0.4411086948425814 -0.1794800152241579 0.1970672749106518 0.0659702548884410 0.5688888430448825 -0.0709868198719307 0.1765651682711985 0.4774858287599522
0.1219081829840712 -0.2553720836365650 0.4049863104480264 0.3458578770873378 -0.0595031917631672 0.0082803473393570 0.6633147101811024 0.2862685234565000 0.3327861847798175
