0.2508993206841901 0.1343441488256921 -0.4382254967687999 -0.2457658506496872 -0.4446637701839608 0.0100081696739930 -0.0263277382037667 0.6362340980905319 0.2514870411099751
-0.1843617606682004 0.6105945893148597 -0.3298024908002633 0.4418885285117684 0.3275770882871475 -0.2205211007785383 0.3392377675224185 0.0967282091365138 0.0936745436005431
-0.4462720956460459 -0.4383046726326644 -0.1130452750334332 -0.1074406171161320 0.2289061036741673 -0.1884057261420506 0.0286648253943303 0.0353614804884497 0.7031647614341571
0.0457560522068101 0.1249996145698700 0.4986619740529926 -0.4261749131369053 0.4603147268215002 0.0632917311705345 0.3108675405005120 0.4869804863766604 -0.0480473337278361
-0.2100757058896490 0.3150685054394149 0.2583184836859654 0.1985825492687527 -0.1071054391405099 0.7421905091223519 -0.2144250190387359 0.0269003435032064 0.3760538825648739
0.3521125926726815 -0.0369934137174584 0.5426679896378334 0.4270418757863171 -0.3234366049134183 -0.3580224742675379 0.1956993268233385 0.0564535350650342 0.3514517621967095
0.1655118766331825 -0.4237650894764735 -0.0916066724078359 0.5492686366689698 0.3526325651543062 0.1538042058973444 -0.2793118275809716 0.4753341480788942 -0.1760057978050873
0.4123102029855155 0.3039294932530633 0.0131292870040397 -0.1636056492449941 0.3708178756474477 -0.2404839943846308 -0.6440513687289231 -0.1541588015787972 0.2770964144159671
0.5799128447459677 -0.1697154788907302 -0.2607001838733808 -0.0300415710035099 0.2296547306037205 0.3889120601815742 0.4578981430827857 -0.3063189171993104 0.2419396464976154
