0.1046501881136356 0.0435592235906034 0.3741830117170901 0.4036137986359635 -0.4914911746263225 -0.0763987250796719 -0.0501608138263868 -0.3357880010639433 -0.5670660266929545
-0.2177255977097319 0.2762423126885480 0.5714653018933569 0.2713962716677976 0.3334876748474193 -0.3411589657075903 0.4245856903253016 0.0170558725408161 0.2605567900942586
-0.1916142358377155 -0.3248646381190915 -0.1680415206380586 0.2141962201388303 0.1390222807730287 0.4716898006800052 0.6606145716917172 0.0870432090563670 -0.3127656997703351
0.1066035350569707 0.6684476039549483 -0.1176431903873423 -0.3541396324197106 -0.4308368934336908 0.1441930625704449 0.4394214660229576 0.0474485659521850 0.0283553934136526
0.3886389241296466 0.1903582890714233 -0.3496404175023548 0.1336142431650190 0.4073058493748424 -0.0523709289793395 0.1217452183651398 -0.6993523854152187 0.0081175481221954
-0.0410323525695442 -0.4157804176738804 0.4005212948250667 -0.5606160133493908 -0.1321623647424966 0.1248361147910251 0.1679545073518366 -0.4980423407200549 0.2035424584436219
0.4016501104115580 -0.3526089407271641 -0.1633280259165608 -0.1372230848027943 -0.1257478444761896 -0.6740270273362923 0.3664296533610951 0.2222672012842128 -0.1226358474256149
0.7560044017197697 -0.0138102076203560 0.3942749126735657 0.0425164249214781 0.1651889822728397 0.3933868781900050 -0.0251282334186248 0.2904718894621785 0.0629308121279224
0.0892985960028556 -0.1892092110146597 -0.1629175546044097 0.4892485702708928 -0.4645534488628150 0.0842522895498202 0.0988701850024492 -0.0788103383401600 0.6718813913573606
