0.0835072567602364 -0.0799037121730325 0.7242553099197618 -0.0541354964912415 -0.0849316493936274 0.5123582533761845 0.1080293843011768 -0.2460083901405632 0.3424188782157983
0.4398057344723732 0.1567035623556384 -0.2561190235586360 0.2432506598492507 -0.3747971100469221 0.4242258902960345 0.3467525398617103 -0.1548165456078651 -0.4388634244648975
-0.0576731029403642 -0.0850071360697457 -0.2135377987196702 0.0850830172730357 -0.5228738333704565 0.3145850496600042 -0.3400852008040843 0.5594889417156431 0.3681894483862575
-0.1434305826980271 0.7077921527297074 -0.1571793203637276 0.0204017290890220 0.4410733275380899 0.4401287243866514 -0.2465514722709419 0.0014402345682535 0.0654804560995172
-0.4004168193978989 0.5118700352170178 0.1517741321118977 0.1945872493802597 -0.3525951238517004 -0.2969253089007193 0.5110989694544648 0.0898769234679931 0.1869969909149150
0.5599186797601432 0.0907784236452998 0.2241123317502746 0.5690083371400733 0.2957869361296881 -0.2310343941747850 0.0053285603782522 0.3626340536364657 0.1784793309866938
0.0128581254616637 0.2164745411616827 0.2033890589922728 0.2905598129977998 -0.3702919146663428 -0.2518747829908068 -0.6474471345949258 -0.4281895637419069 -0.1552102587613827
0.0201112802480779 0.1837964844016226 0.4617883794811607 -0.3435617816263118 -0.0716345435604076 -0.0095645166869692 -0.1055680034530823 0.5205290110962789 -0.5892479452266267
0.5488957851478314 0.3316163685274505 -0.1080565612533108 -0.6051022442898361 -0.1740981691326952 -0.2444799583941711 -0.0079881387486250 -0.0927560612011562 0.3349192960925550
