-0.4286878623350697 -0.2526534306604387 0.0906259387360173 0.3002586784286210 -0.4225717996280737 -0.4310680861748522 0.5348069217434457 0.0329027850010918 -0.0503683268902783
0.4092380384049777 0.2108261409692862 0.2727431510263835 0.4823142324277940 0.0997806708084688 0.4215127670131817 0.5356367347705726 -0.0790753644108421 0.0164894226019855
-0.0653000047522840 -0.4084169850965883 -0.7018609820418071 0.0878790703635730 -0.1626108286557638 0.4808716945400287 0.1038339767485653 -0.2373342852963083 0.0617331404746742
0.0245679339625792 -0.2657308858541956 -0.1243442925870259 0.1661249751905757 0.5453268783215624 -0.1639381626760417 0.0502033069392251 0.0014589433028442 -0.7476261609241519
-0.3594813406464273 0.3302573443135545 -0.3511960511542877 -0.0583363436565920 0.4767339312250910 0.0064858725769039 0.3408574788580573 0.4576753083791172 0.2863453167045272
-0.4246415205158732 0.0665837445719814 0.2257281449910159 -0.1928403361868032 0.3369645337185938 0.0581052230830481 0.1324636717308658 -0.7600297785621232 0.1224434185560135
-0.4544891990317070 -0.1308603409292839 0.3929360506654984 -0.1741732829615903 -0.1156342969891532 0.6101086994347035 -0.0432752334622529 0.3440170558128143 -0.2928406912260679
0.3564538572429275 -0.4020450850855430 0.1112056987707125 -0.6727939768845730 0.0715317907386377 -0.0503708664038667 0.4725884602587108 0.0927564437501991 0.0817577063555457
0.0267624926037657 0.6016919951797837 -0.2612861696409257 -0.3439751106609517 -0.3582523973179768 0.0143475340825502 0.2341579258572259 -0.1492359113664775 -0.4949840899714810
