-0.2603498364418979 0.1802263858755547 -0.0306802999075135 0.1115161796542308 0.4346397721664146 -0.6537429401376619 -0.1049054872277153 -0.4692279500047755 -0.1971995936277473
0.0889026267338582 0.0692328115843360 -0.9042184322541695 -0.0345365132864977 0.0593756604456106 0.0019767995702847 -0.0670397450375952 -0.0703291556380506 0.3943722891436619
-0.2709812864812161 0.4967675921789060 -0.2339170508879341 -0.3308488567609481 0.1297260929751972 0.2449934972161550 0.3700510238623356 0.1904856735166889 -0.5153054667555366
0.1745004203764275 0.1178588221356817 0.0388559770667590 0.0766928877220611 0.0729827155897279 -0.5733035481632525 0.3654759889410512 0.6614611598250821 0.2077506096050523
0.1249769894193938 0.3610742973474495 0.3253493606424542 -0.1537657062314926 0.5009429443228110 0.2809194257024444 0.1982475105469034 -0.1966629882407330 0.5627362094638750
0.1891388449151047 0.7080431545455593 0.0403441777927245 0.5367893365069950 -0.3336898629871797 0.0484583631001715 -0.2418378758456020 -0.0212123101078016 -0.0223223266616526
0.7769834631347448 -0.0525007477365526 -0.0618406421436261 -0.0700852873342186 0.4046713569584158 0.0472207032068072 -0.2294381438630639 0.0655514325605373 -0.4023389154143653
-0.1131684042131139 0.2353073007009817 0.1118484850562912 -0.6083534978139420 -0.1004634011374100 -0.1708258943977140 -0.6600230912880249 0.2376586058929893 0.1335396924496788
-0.3905507534914925 -0.1105934621036175 -0.0375041935939001 0.4292272077519027 0.4992623590723062 0.2669124777326542 -0.3576731413686549 0.4485068413298549 0.0017314570470710
