-0.3883663903808052 0.2933716365719926 0.0782725357919896 0.5734266547202610 0.3967940857160856 -0.2078759317458873 -0.3484902221709653 0.2692001418080411 0.1832697757895536
-0.2153668953378232 0.4701121045488912 -0.0296465229749690 0.3115586242620251 -0.3758409812249975 -0.2605185236826984 0.4781724437485210 -0.4289532251481301 -0.1135249628813492
-0.3499638769455757 -0.4251510835614429 0.3992794422557032 0.2074133532749447 -0.1351092601410433 0.0741968562929874 0.3278906530657029 0.3926135491541754 -0.4570668483362769
-0.5650845553379130 -0.0620108576742344 -0.1685972437102568 0.0057349186776821 -0.1606492821392249 0.6506661748457373 -0.2866014642818711 -0.3421412134315747 -0.0007118798695824
0.0386612196846190 -0.0476773781062338 -0.7217243570203219 0.2342678701537763 -0.0900283431133341 0.2117843653856731 0.3594243374422568 0.4479087747825214 0.1941619178626455
-0.4881375052231060 -0.0900695357944561 -0.3086078602787977 -0.4681939217768594 0.4927102314430821 -0.3323684877541337 0.2406900610777674 -0.0980016729941932 -0.1356343528378206
0.2764977303745427 0.1800872154134996 0.1178224966909353 0.1984761458286385 0.6262164946766958 0.4853066386664328 0.3462125120981365 -0.2046969535944306 -0.2200206823683633
-0.1891507629216903 -0.0216778938365111 0.4035459692813653 -0.1687143043171878 0.0268537242561653 0.1416062716493007 0.3907974511061953 0.0423722393713535 0.7727526634462043
0.0948232958604359 -0.6819398153729050 -0.1108559481015334 0.4348742652490283 0.1161835225014134 -0.2216974345113433 0.0234454307404830 -0.4673345241480189 0.2072736208805914
