0.1886284156908313 -0.3684179538119663 0.7853546186222103 0.0660639687491323 -0.0825392596628010 0.2719173459148774 0.3207374712834357 0.1368028698385333 0.0721240879902199
0.2900125013063006 -0.0693015787342312 -0.1317847454319036 -0.5089565130666622 -0.3034777589509508 0.0624506153727157 0.0038240690386299 0.4177626636862118 -0.6034459319085234
0.4813197016011795 0.1938675654774531 0.2469571909073429 -0.4297579320712585 0.0147374633061249 -0.0734656226666545 -0.5444968881653520 -0.1343566912335033 0.4061083665081547
-0.0710302661484637 -0.2749204123653324 -0.1967643734156403 0.1461261835897777 -0.2783089298025125 0.7428168078001982 -0.4314733604034337 -0.2090944227887064 -0.0134899682031395
0.2978313178876625 -0.1448115687726065 -0.1361816107238245 0.4098333204375182 0.4702773870984716 0.0449392812241005 -0.2880525975913874 0.6289550080253111 0.0455880804856767
-0.3385775270521905 0.1244024508607094 -0.0802746277880827 -0.0992432526982639 -0.4702323845204016 0.0313098121269507 0.0450377978677724 0.5659424635021871 0.5560377453946406
0.1549793965392732 -0.7893418377539846 -0.2919432099939849 -0.0718786895795851 -0.1528832738064590 -0.4069083366312449 0.0387128606766763 -0.1275100709442194 0.2362589095430182
-0.6288073407330702 -0.2945433618024370 0.2171084678465598 -0.4244801438682331 0.4151182087991766 -0.0240307748723729 -0.3107702736736035 0.1094508786463600 -0.0952249634078001
-0.1443696476774411 0.0060784351122844 0.3298339877204780 0.4091351437244341 -0.4306271336662155 -0.4425326587638093 -0.4810272115527870 0.0295558178618274 -0.2990030521987917
