0.0146617061256569 0.0809263462901003 0.1906037911098633 0.1611232098750317 -0.0326740720676358 -0.5598799996751347 0.7174506302138788 -0.0145787415047220 -0.3185346313729027
-0.1059638698511764 -0.0772319159641053 0.7031686032016636 0.4631148565296322 0.3495726961981262 0.3569499996185393 0.0743739891524379 0.0309021478001224 0.1333590245151228
0.4137990824916837 -0.1827120093601643 -0.2842308405988089 0.1037973178490755 0.3147852081220765 -0.0514968301701104 0.2966978745246065 -0.3931981173210005 0.5995411145553055
-0.3001439597279036 0.2928819922059254 0.3692754595231489 -0.7076220986700826 0.1247810845415150 -0.0745517275654669 0.1128422161540908 -0.2425938324003350 0.3071268958272073
0.0981790140191405 -0.5900271967282915 0.0292225921808291 -0.4073308773933994 0.1115481422791959 0.1361236835301635 0.2893932450519742 0.5992957792605131 0.0397474297332822
-0.2295200469572360 0.0555808720657640 -0.0718998532152374 0.1205236338611352 -0.6974216381075460 0.4098562719082752 0.4164386718455880 -0.0072522399295288 0.3109387595299364
-0.7924762293535044 -0.1482599037592917 -0.3567058294616919 0.2086774559643057 0.2940761606968388 -0.2080789112037746 0.0184832268427527 0.1140903364349135 0.1899453640575512
0.1064749589553724 0.6656838631588237 -0.2922247584882559 -0.0037810069415694 0.3681572135088110 0.3267919930667073 0.2589394662319546 0.3851031812975061 -0.0493114991594357
0.1598954461628749 0.2280028222595058 0.1827967929172091 0.1551001500443934 -0.2030045252701472 -0.4629357831005307 -0.2332578271184834 0.5146327811529926 0.5387030215147356
