-0.1552350731143205 0.0363542246939377 0.0254146242767087 0.0371833878175510 0.0985964650068482 -0.1457727380642012 0.6341867963868760 0.0171114807800760 -0.7342310844719531
-0.6560857828447383 -0.1791515810773194 0.4570578146190942 0.1181007437957478 0.1358813586364423 -0.0018437550708200 0.1675005532240023 -0.4182629900780459 0.3051868570236789
-0.1910686663066662 -0.2486336783200210 -0.0680150639236544 -0.7180174016739673 -0.4725623553896667 0.3435084582303697 -0.0030205030332550 -0.1351257722224276 -0.1480462170038717
0.2394248200672688 -0.6309303929933882 0.4834551312886691 -0.0075782451356471 -0.1977360585002144 -0.4201096897801265 -0.0562863859182832 0.2992097898894604 -0.0502985594276128
0.2489644758625534 -0.1924363464883934 -0.4185691393966476 -0.1834593852558525 0.0067557721522370 -0.3741304219922545 0.5291088788375230 -0.2807211103983518 0.4397132147315097
-0.5428875337002667 -0.3134466910332575 -0.5820860987473395 0.1387384745736879 0.0044286970621729 -0.3254919708020077 -0.3094744021582833 0.1864316549273141 -0.1116060168037748
0.1008169242234399 -0.3894241553034045 -0.1779071067571824 0.5951779356613096 -0.3302541820776759 0.5381640874345974 0.2291900223211409 -0.0138082191361279 0.0298314983231041
0.1905238881486205 0.0580189743654057 -0.0063572057288527 0.2066714036075782 -0.3159158781618068 -0.2810795292156078 -0.3255493813545534 -0.7317312827008524 -0.3120245982648364
-0.2201100844167034 0.4651808947678108 0.0798851335923688 0.1385916178802181 -0.7074350459448953 -0.2640299502262698 0.1798118850133767 0.2603754114564517 0.1981544524724100
