-0.5002130530153132 0.4471186760967427 0.4760346803043601 0.2421427671001167 -0.0989479621242750 -0.0545502939876256 0.3610827833935930 0.3277973555742306 -0.1184539488569869
0.1111770968552407 0.1751762786865946 0.5094811935264048 0.3140087548766985 0.1239139227899489 0.1782739797174734 -0.2606848177340262 -0.6951054687965228 -0.0227130088428923
0.2018558356908518 0.6685470793171022 -0.1555107194106672 -0.1166139465919277 0.3934415911596891 -0.0584268053470425 -0.4649200628113283 0.2690622664088386 -0.1666177742495468
-0.2879149872232889 -0.0537703416312771 -0.4108884732947241 0.6878628829637079 0.1731317700357724 -0.4349038652661534 -0.1420231677864343 -0.0827191662306484 0.1615549590025266
0.4763916214107591 0.3640204034853205 -0.2761640359588303 0.3159034592279870 -0.6277522694642178 0.0437964887709216 0.2146614902033777 -0.0686067874879042 -0.1330455097883855
-0.1692378806090587 -0.2179164379330757 0.1064077659107428 0.2228109010531460 -0.4198250954336458 0.3545721752144886 -0.6555913172163549 0.3599222989492490 -0.0398130743436433
0.3802853057874483 -0.3721311124560254 0.2324135583863676 0.2893646063731841 0.2409121840284949 -0.1866999115895434 0.0841901762709240 0.2526567614584241 -0.6444646006639588
0.4088456941099197 -0.0270511454128341 0.4175795544571030 0.0235429371111042 -0.0989058779029900 -0.4570743635453027 -0.0994947151034140 0.2580735177220712 0.6016527190781769
-0.2154613280480007 0.0184379111474228 0.0694913046844803 -0.3496932733315666 -0.3897905455623388 -0.6334620740913961 -0.2692112361088999 -0.2558358556385882 -0.3674023534337321
