0.2184474261657684 -0.1167200762589255 -0.5082744274633424 -0.0143547605986438 -0.7701098135569610 0.2071146945569344 0.1185091618861795 -0.1475466700294365 0.0912585892326829
-0.0752007573447672 0.2087184455299723 0.3270700490418957 0.1759440061747359 -0.2375278981944006 0.2675776251520009 -0.4009885166274668 0.2846876154368866 0.6655781167889843
0.3239381247169414 0.4245691659847975 0.0769814885302704 0.1183427511459695 0.0586007132201981 0.2775376597554614 -0.4475886329650796 -0.5804921156922701 -0.2776798181572087
-0.5928694165831080 0.1676125189221156 -0.0501323168925963 0.1738402845752119 0.0978520761361813 0.6074827627203970 0.4152638869357062 -0.1904758881017590 -0.0185124038176034
0.0905834221750182 0.4483913697401528 -0.4213934640751123 0.3660742332583664 0.2358744219658368 -0.4039385949295511 0.2282504521978338 -0.1536159449421911 0.4297182431178749
-0.2116493431262542 -0.5884051118365170 -0.3418217596767782 0.0131885474967729 0.3090377995527565 0.0638305773164727 -0.4236616193966075 -0.3477793425966704 0.3032318975727743
0.2089966975718821 0.1000542069718106 0.1377775723174063 -0.7532038087628296 0.1440015073463327 0.1173333853890183 0.2729629537654016 -0.2830479871903680 0.4133792501771996
0.6145759032373289 -0.2250389085400007 -0.0838611304966483 0.2576833083750945 0.3668966992428097 0.4766461747429545 0.2071779610895677 0.3019638110078353 0.0480724208655065
0.1257439981746908 -0.3557124545286427 0.5530035940548507 0.3958677168684149 -0.1761010327202082 -0.1767592371942837 0.3215045716029639 -0.4561624113873182 0.1463835220819967
