0.4207812125077812 0.0125005517329951 -0.5307704676826540 0.0700355245988489 -0.0587776664929195 0.6398809331126136 -0.2902958457728896 -0.1952344445308558 -0.0295644092324145
0.1278455955151565 0.3347171224917341 0.2638982158634763 -0.3194615775159694 -0.3323642374444671 0.2516374199730196 -0.2036109159304719 0.6580889255347614 0.2271478974436017
-0.5601448232488447 -0.5361300079997713 -0.1364471668491396 -0.3188085517411406 0.2818587216295310 0.2744242791019380 -0.2689319304703162 0.2245790295591455 0.0321328778943675
0.3336020301946735 -0.2947552463808090 0.3985084339064364 0.4720607446758743 0.2650391573571017 -0.0902145994355646 -0.5239217240564376 0.2122169671649398 -0.1492121598518100
-0.3192547427907867 0.1239632547221727 0.1964475006302088 0.5322754765474228 0.0333234177345928 0.5513965319716592 0.4159972080866358 0.1882387671825001 -0.2171741720382113
-0.0895187881526771 0.5988607317253262 -0.0059952679130930 -0.2419144847308146 0.5591549025758539 -0.0031530927543444 -0.2090732198569806 -0.0221843947174354 -0.4668251746706504
-0.3128308589306599 0.3251192835227775 0.1446738910327268 0.2431686141769492 0.1415565808214397 0.0839011646897591 -0.3284226230930680 -0.3419991061662164 0.6815205914182467
-0.0518991902830696 0.1431089813346239 -0.6276238250929715 0.3585148837144317 0.1835903638824192 -0.3256792827795873 0.0374425637966519 0.5241170439286822 0.1962362544936853
0.4135846477654858 -0.1153618211951959 0.1332061438230433 -0.1976243629618475 0.6073555492213325 0.1631844455329632 0.4488027488061511 0.0757802803664735 0.3951754535554051
