0.2497361620333720 -0.2500667202062653 -0.3635725357622237 0.2563992655370130 -0.7800126374263694 0.1302764831650377 -0.0954039768070017 0.1758562640884218 0.1084153663887663
-0.3381983561341493 -0.2372925756818372 -0.3444114152267784 0.1501677735024674 0.0636861326910823 0.4101312670118914 0.2047605050654378 -0.3238879243563509 -0.6074954243784837
-0.0517334712570210 -0.3872258809472423 -0.3336479541302065 -0.2572481261405386 0.3311103635120214 -0.0612951211187236 -0.1860970599287276 0.7084113161295575 -0.1414649643752486
0.1680700452412069 -0.2009878974956471 -0.4248622742463039 -0.5611778449123295 -0.0481679940918716 -0.4337736362093094 0.0602219743559033 -0.4868780739403041 0.0690733743962583
0.6645547541674720 0.1559683548104661 -0.3201950558983233 0.4167709828840931 0.3963820478908444 -0.0651369744096525 0.3057789206111976 0.0132146917645644 -0.0527351431330001
0.0566559793387361 0.5881050978793130 -0.0995865748201035 -0.0812109927858489 -0.2224287106880570 -0.3023880522113181 -0.3051381696948660 0.1228967769042789 -0.6207123301362474
-0.4694123623008775 0.1308440873514973 -0.4238115399755467 0.4672267671236455 0.1671956835918382 -0.3077621736092110 -0.3481269569752775 -0.1241133152842664 0.3245710095970975
-0.3544355255214305 0.2768841345780791 -0.1755523163311606 -0.0804319190495644 -0.1867010140236045 -0.1900351277314007 0.7627901565849833 0.3075573366588303 0.1140691376802471
-0.0389152953394145 -0.4762773542030472 0.3667283491033784 0.3543281831408303 -0.0785188448745905 -0.6295962655370585 0.1451246457863868 -0.0006774343865175 -0.2966294825997538
