-0.3127327256888935 -0.0752940881313821 0.5134526435203152 -0.2833514136181933 -0.5940749863675604 0.2427550366898958 0.0401573519316124 -0.3568516759162722 0.1086120299685484
-0.2869586503144930 0.3143275507512275 0.5507334106674400 0.1764874299519200 0.3160415111273839 -0.3084657143364400 0.2760366759511979 0.2505593411127478 0.3877992492594361
0.1204863818504589 -0.2354951560305385 -0.0815528111087612 0.5047718359738932 0.1621149526665659 0.4878559682806267 0.3447962217886467 -0.3505581941521790 0.4031369620494611
-0.3203516140228280 -0.6546955981824527 0.2728257869867878 0.0219940750052377 0.4724109703967646 -0.0684977320276736 -0.2968910460838596 -0.1450213541544017 -0.2383092887058750
0.4232893793262139 -0.5791610811898946 0.1306457924763764 0.0238116768433187 -0.3227229879542038 -0.4399441399481472 0.3181792352359084 0.2316035301077753 0.1232234970134137
-0.5768251241423186 -0.1187404441672650 -0.2240051065049933 0.4805528895976944 -0.3547357269189974 0.0630877356276449 0.1406006210519202 0.3997975526142210 -0.2502798425368534
-0.0056769215345267 -0.2049682150609125 -0.0090203331727922 -0.3076086862169588 0.0491250881505379 0.4739777912982984 -0.2531280963171493 0.6224516453840524 0.4297245957746584
0.3604971710681623 0.1279368179757286 0.4000758092601520 0.5461437460498575 -0.1972696021254872 0.0802635228053656 -0.5790443286608676 0.0934084233223942 -0.0772354752415912
0.2466156730542561 0.0594814820996588 0.3529669840000617 -0.0942955295942858 0.1625520158965179 0.4178461699742562 0.4413498439290635 0.2372871566378742 -0.5916518108820302
