0.0911330891757754 -0.4656609348393881 -0.1277186971015883 -0.1111894446931998 -0.2623493373941437 0.1205958454301989 -0.1709003916114692 -0.7673297736875939 0.2116767285619737
0.3698745403913823 0.1224272312155873 -0.0052617252510115 -0.1073861616310720 0.3549304685448990 0.5867288728854819 0.2896277673316997 -0.2386030917680895 -0.4749766701374616
-0.1015938830183471 0.7601818272208535 0.1253734503771400 -0.3456640174211492 -0.3377129857992622 -0.1514002880017405 0.0181246327248319 -0.3700159901094908 -0.0488642432115863
0.0154233103395874 0.3148519714070655 -0.7966086469799999 0.4644728016420509 -0.0062647655807666 0.0495433887646831 0.1083475942446529 -0.0923703752524070 0.1659661279592460
-0.1287426512080042 -0.1037388792191238 -0.2031927216546368 0.0150582690720217 -0.6109397917510365 0.2711220134540106 -0.3192947186254874 0.2453028884804921 -0.5676903569149931
-0.0878879961527503 0.0560376108774260 0.4992807687150207 0.7813262702697698 -0.1782799496680542 0.0233657867794807 0.1426546592177410 -0.2440373696554433 -0.1309548381951851
0.6136997373561188 -0.0764396786556344 0.0351976537487317 -0.0509394411287275 -0.5137441548200751 -0.0654694998306166 0.5043672949414396 0.2282855309162076 0.1974232573736607
-0.6624671957073406 -0.1828601373997989 -0.0718253304117018 -0.1659514147246798 -0.1095830675704562 0.1798265050841872 0.6706689815410096 -0.0075435366146598 0.0282988736356928
-0.0673740731427060 0.1948857851878900 0.1907618648866491 0.0073710569984175 -0.1006737537480831 0.7107407007482861 -0.2199054089853791 0.1921731781355176 0.5660913139537904
